//    J       dM         M         P        R            L         T         RHO    1-BETA     HYDR     HE4       D        N        O
             1  1.765101122298209e026  1.765101122298209e026   875585284358.394        772108009.929064       2.415612679219577e027   99063.2821872343       9.154723584651947e-002  
             2  2.780200390669630e026  4.545301512967839e026   874986139171.192        1058387450.07674       6.219483153820785e027   99038.8795584521       9.151078015565872e-002  
             3  1.296331602625287e028  1.341784617754965e028   862256156936.443        3280242220.00441       1.826334763690945e029   98518.0959050402       9.072950482368469e-002  
             4  1.072630303564218e027  1.449047648111387e028   857938850559.925        3365688230.22050       1.972040274108218e029   98340.4705437111       9.046351909637451e-002  
             5  1.075323245637072e028  2.524370893748459e028   854394538250.730        4052891249.13255       3.430558599603879e029   98194.2612501617       9.024497121572495e-002  
             6  1.354864622108831e028  3.879235515857290e028   848359983547.588        4680905065.94330       5.263538835349266e029   97944.5132369892       8.987167477607727e-002  
             7  2.341460672436387e027  4.113381583100929e028   844952249831.765        4773890644.12939       5.579851156589781e029   97803.0245118656       8.966089785099030e-002  
             8  1.337377985272112e028  5.450759568373041e028   841648994198.770        5247396087.13750       7.384009909626195e029   97665.5568679970       8.945595473051071e-002  
             9  1.412920256406731e028  6.863679824779771e028   836401240460.967        5670501207.32495       9.285808862123257e029   97446.5197654325       8.913004398345947e-002  
           10   5.188285149453945e027  7.382508339725166e028   832997676705.085        5811377130.14166       9.983145342067524e029   97304.0295991316       8.891796320676804e-002  
           11   5.448836038320967e027  7.927391943557262e028   831170317893.849        5952500367.08201       1.071492875711079e030   97227.3871276505       8.880420029163361e-002  
           12   1.172653866270240e028  9.100045809827502e028   828291919881.447        6235959755.16787       1.228788894382026e030   97106.4623799507       8.862453699111938e-002  
           13   6.307429907003794e027  9.730788800527882e028   825411646636.920        6378608366.73833       1.313290401159978e030   96985.2127617453       8.844485133886337e-002  
           14   6.622189370064768e027  1.039300773753436e029   823394478734.925        6522011704.71719       1.401931531457476e030   96900.1496673892       8.831877261400223e-002  
           15   1.425335768560794e028  1.181834350609515e029   820212004924.121        6811568586.02390       1.592460889176229e030   96765.6976702790       8.811940997838974e-002  
           16   7.666141589216677e027  1.258495766501682e029   817018182834.942        6957950703.35768       1.694796469121933e030   96630.4585252345       8.791945874691010e-002  
           17   8.049098935940835e027  1.338986755861090e029   814778639762.434        7105523142.34026       1.802140491951162e030   96535.4424609223       8.777906745672226e-002  
           18   1.732750844150288e028  1.512261840276119e029   811240804333.250        7404673000.18817       2.032873393161234e030   96385.0312547476       8.755668997764587e-002  
           19   1.910065341674587e028  1.703268374443578e029   806377261645.745        7709666879.99711       2.286684038482679e030   96177.6266995460       8.725089579820633e-002  
           20   1.027514780525489e028  1.806019852496127e029   802618520934.232        7864626438.17234       2.423000591769068e030   96016.8316712183       8.701393008232117e-002  
           21   1.078925492825440e028  1.913912401778671e029   799979327075.474        8021317512.28551       2.565974805662716e030   95903.6645749164       8.684746921062469e-002  
           22   1.131385403335591e028  2.027050942112230e029   797267233881.072        8179612913.71565       2.715727429409822e030   95787.1419834075       8.667607605457306e-002  
           23   1.190839968580419e028  2.146134938970272e029   794476296841.985        8340183762.38058       2.873161528448665e030   95666.9873477731       8.649952709674835e-002  
           24   1.248545870141600e028  2.270989525984432e029   791604543980.832        8502484135.78916       3.038020167217822e030   95543.0932245616       8.631770312786102e-002  
           25   1.309749099070085e028  2.401964435891440e029   788654051956.650        8666682470.41238       3.210739854703827e030   95415.5256802118       8.613066375255585e-002  
           26   1.377946982733297e028  2.539759134164770e029   785617035058.567        8833334150.34901       3.392216073312390e030   95283.9223576413       8.593752980232239e-002  
           27   1.444396202712827e028  2.684198754436053e029   782492281778.963        9001906617.68581       3.582184772788473e030   95148.2029331491       8.573909848928452e-002  
           28   1.517840077427028e028  2.835982762178755e029   779278559292.279        9172901473.51730       3.781536142718777e030   95008.2843291239       8.553421497344971e-002  
           29   1.594781279508588e028  2.995460890129614e029   775969420499.623        9346370636.02586       3.990692045694622e030   94863.8536801343       8.532345294952393e-002  
           30   1.673471145273798e028  3.162808004656994e029   772564403638.287        9522170675.42346       4.209843199152636e030   94714.8564951563       8.510599285364151e-002  
           31   1.757407002090074e028  3.338548704866001e029   769061353969.714        9700518241.98909       4.439637533981620e030   94561.1618583666       8.488178998231888e-002  
           32   1.844840186273626e028  3.523032723493364e029   765456700681.027        9881424008.09965       4.680484136761575e030   94402.5741179134       8.465109020471573e-002  
           33   1.935770697824573e028  3.716609793275821e029   761748932824.727        10064890677.3268       4.932794544820926e030   94238.9851962350       8.441298454999924e-002  
           34   2.035444527793847e028  3.920154246055206e029   757931721867.596        10251384253.5741       5.197654904459776e030   94070.0706874503       8.416763693094254e-002  
           35   2.135118357763135e028  4.133666081831519e029   754002742053.204        10440540070.5767       5.475007310156942e030   93895.6790108549       8.391478657722473e-002  
           36   2.241786842467114e028  4.357844766078231e029   749961427157.470        10632621974.0968       5.765701964721763e030   93715.7332783842       8.365396410226822e-002  
           37   2.355449981905771e028  4.593389764268808e029   745801179768.135        10827850618.9749       6.070576743569760e030   93529.8841833469       8.338523656129837e-002  
           38   2.472610448711791e028  4.840650809139987e029   741519156811.713        11026135519.2731       6.390014958672120e030   93337.9446015600       8.310801535844803e-002  
           39   2.595016906568797e028  5.100152499796867e029   737114347207.131        11227520872.6463       6.724616983194531e030   93139.8051416873       8.282239735126495e-002  
           40   2.726166682844157e028  5.372769168081282e029   732581532786.672        11432296207.8857       7.075427201621997e030   92935.1624752426       8.252779394388199e-002  
           41   1.431281225085283e028  5.515897290589811e029   729110944129.300        11537216565.8490       7.259326941300908e030   92777.9598291290       8.230168372392654e-002  
           42   1.431281225085312e028  5.659025413098342e029   726745683627.510        11640454297.4004       7.443034137220915e030   92670.5649775466       8.214746415615082e-002  
           43   1.502102104273963e028  5.809235623525738e029   724346062032.588        11747067970.1509       7.635625753185527e030   92561.3941184341       8.199094980955124e-002  
           44   1.502102104274005e028  5.959445833953139e029   721913619808.665        11851982238.1772       7.828009573676390e030   92450.5067842803       8.183198422193527e-002  
           45   1.578168974513684e028  6.117262731404507e029   719444496011.118        11960456717.2376       8.029914014010812e030   92337.7158050762       8.167050778865814e-002  
           46   1.578168974513698e028  6.275079628855877e029   716940338782.547        12067211231.6073       8.231595124967729e030   92223.0848328999       8.150640130043030e-002  
           47   1.656858840278947e028  6.440765512883772e029   714399473620.441        12177516085.2384       8.443099796797325e030   92106.5252355161       8.133985102176666e-002  
           48   1.656858840278933e028  6.606451396911665e029   711823566713.033        12286082120.8508       8.654381417079237e030   91988.1010194198       8.117047697305679e-002  
           49   1.739046033411489e028  6.780356000252814e029   709210309707.828        12398241727.7093       8.875914413759299e030   91867.6934214194       8.099891990423203e-002  
           50   1.739046033411517e028  6.954260603593966e029   706561411979.909        12508644821.7066       9.097191569435608e030   91745.3699125933       8.082360029220581e-002  
           51   1.826479217595058e028  7.136908525353472e029   703873311789.224        12622788939.7890       9.329292870342205e030   91620.9555720219       8.064431697130203e-002  
           52   1.826479217595100e028  7.319556447112982e029   701147815490.097        12735156650.0586       9.561087327420720e030   91494.5216274450       8.046227693557739e-002  
           53   1.917409729145998e028  7.511297420027581e029   698382768127.491        12851288167.8563       9.804095116490531e030   91365.9538387385       8.027716726064682e-002  
           54   1.917409729146012e028  7.703038392942183e029   695580012383.647        12965623313.1092       1.004677093781930e031   91235.3231726797       8.008918166160583e-002  
           55   2.013586231747951e028  7.904397016116978e029   692736186006.355        13083841077.3502       1.030126492298712e031   91102.4575863084       7.989832758903503e-002  
           56   2.013586231747979e028  8.105755639291776e029   689853217149.600        13200240214.3608       1.055539698701291e031   90967.4312600456       7.970436662435532e-002  
           57   2.114134393559110e028  8.317169078647686e029   686928468946.237        13320577110.7316       1.082183207115732e031   90830.1043540207       7.950731366872787e-002  
           58   2.114134393559039e028  8.528582518003590e029   683963924459.824        13439073733.9637       1.108787403019591e031   90690.5529007901       7.930726557970047e-002  
           59   2.220802878263089e028  8.750662805829899e029   680955810088.648        13561650503.9601       1.136691665399611e031   90548.5815320675       7.910370081663132e-002  
           60   2.220802878263033e028  8.972743093656203e029   677906210765.525        13682363549.2530       1.164553316173109e031   90404.2700180656       7.889706641435623e-002  
           61   2.330968690334340e028  9.205839962689637e029   674813258572.681        13807143653.3316       1.193751235355799e031   90257.5108776830       7.868723571300507e-002  
           62   2.330968690334369e028  9.438936831723073e029   671679060054.176        13930038371.5287       1.222902723910815e031   90108.3846060840       7.847400009632111e-002  
           63   2.447254825298539e028  9.683662314252927e029   668500047022.929        14057120160.7216       1.253458745456635e031   89956.7010920860       7.825711369514465e-002  
           64   2.447254825298553e028  9.928387796782783e029   665278418847.379        14182293813.5609       1.283964170348993e031   89802.5442268711       7.803728431463242e-002  
           65   2.569661283155573e028  1.018535392509834e030   662010722628.310        14311760933.0045       1.315941532472413e031   89645.7266048527       7.781350612640381e-002  
           66   2.569661283155530e028  1.044232005341389e030   658699245748.267        14439296241.6324       1.347863941897600e031   89486.3350758806       7.758630067110062e-002  
           67   2.698188063905413e028  1.071213885980443e030   655340645947.269        14571218481.4802       1.381325176141349e031   89324.1851949596       7.735536247491837e-002  
           68   2.698188063905441e028  1.098195766619498e030   651937293362.927        14701184835.9538       1.414729877848574e031   89159.3668163454       7.712084054946899e-002  
           69   1.416854749694976e028  1.112364314116448e030   649369519407.234        14768673157.5715       1.432246988201211e031   89034.6752615224       7.694639265537262e-002  
           70   1.416854749695018e028  1.126532861613398e030   647610994699.518        14835653145.4620       1.449747141284257e031   88949.1135102370       7.682795077562332e-002  
           71   2.833709499389965e028  1.154869956607297e030   644987526623.312        14968131351.2071       1.484697286949391e031   88821.2131377367       7.665055245161057e-002  
           72   1.487675628883655e028  1.169746712896134e030   642348779747.164        15036911914.7404       1.503019341598465e031   88692.2584781392       7.647226005792618e-002  
           73   1.487675628883740e028  1.184623469184971e030   640541990600.878        15105177242.7968       1.521323073040622e031   88603.7812956011       7.635029405355453e-002  
           74   1.487675628883684e028  1.199500225473808e030   638745076601.534        15172938631.0929       1.539608896301488e031   88515.6415666644       7.622854411602020e-002  
           75   1.487675628883641e028  1.214376981762645e030   636957882217.444        15240206282.9071       1.557876916052255e031   88427.8331973059       7.610771805047989e-002  
           76   1.561556669518830e028  1.229992548457833e030   635136115873.693        15310294637.4062       1.577033374763037e031   88338.1762673163       7.598441839218140e-002  
           77   1.561556669518774e028  1.245608115153021e030   633280585577.550        15379861832.3583       1.596171167181085e031   88246.7010527336       7.585865259170532e-002  
           78   1.561556669518858e028  1.261223681848209e030   631435266563.783        15448918504.1612       1.615290537043147e031   88155.5716035017       7.573344558477402e-002  
           79   1.561556669518830e028  1.276839248543398e030   629599998313.906        15517476239.4949       1.634391269673606e031   88064.7822424067       7.560828328132629e-002  
           80   1.640246535284058e028  1.293241713896238e030   627728633235.869        15588962833.0066       1.654434234288744e031   87972.0465955091       7.547998428344727e-002  
           81   1.640246535284058e028  1.309644179249079e030   625822022821.805        15659922233.3012       1.674456620701481e031   87877.3970393287       7.534934580326080e-002  
           82   1.640246535284058e028  1.326046644601919e030   623925989106.366        15730365744.6456       1.694458633160918e031   87783.1042673797       7.521888613700867e-002  
           83   1.640246535284086e028  1.342449109954760e030   622040366996.304        15800304015.8296       1.714440230040525e031   87689.1621729681       7.508915662765503e-002  
           84   1.721996562495724e028  1.359669075579717e030   620118261650.070        15873196114.7954       1.735395997434362e031   87593.2302200228       7.495645433664322e-002  
           85   1.721996562495696e028  1.376889041204674e030   618160544317.599        15945554967.0727       1.756329694842737e031   87495.3412057779       7.482103258371353e-002  
           86   1.721996562495696e028  1.394109006829631e030   616213774154.842        16017391979.3575       1.777241360134494e031   87397.8190006662       7.468609511852264e-002  
           87   1.721996562495724e028  1.411328972454589e030   614277781025.457        16088718225.3065       1.798131260932679e031   87300.6572774600       7.455158978700638e-002  
           88   1.808118248916512e028  1.429410154943754e030   612304252886.233        16163073297.4523       1.820042293115902e031   87201.4268989974       7.441455125808716e-002  
           89   1.808118248916540e028  1.447491337432919e030   610294096080.117        16236888919.4344       1.841929514601575e031   87100.1620714046       7.427413016557693e-002  
           90   1.808118248916568e028  1.465572519922085e030   608295276761.483        16310176593.0136       1.863793071677108e031   86999.2744757631       7.413470745086670e-002  
           91   1.808118248916540e028  1.483653702411250e030   606307619482.667        16382947572.4139       1.885633139570285e031   86898.7576052031       7.399547100067139e-002  
           92   1.898174428625630e028  1.502635446697506e030   604281728326.648        16458798770.0346       1.908535722923638e031   86796.1086618129       7.385340332984924e-002  
           93   1.898174428625602e028  1.521617190983762e030   602218538346.939        16534104598.2812       1.931412786881633e031   86691.3627852769       7.370819896459579e-002  
           94   1.898174428625630e028  1.540598935270019e030   600167088917.963        16608876232.9444       1.954264107038221e031   86587.0048348347       7.356373965740204e-002  
           95   1.898174428625602e028  1.559580679556275e030   598127199005.174        16683125663.2093       1.977090339188852e031   86483.0280478570       7.341977208852768e-002  
           96   1.993476599385733e028  1.579515445550132e030   596047770133.849        16760552283.6401       2.001035440657234e031   86376.8224454025       7.327268272638321e-002  
           97   1.993476599385705e028  1.599450211543989e030   593929780977.412        16837426999.3045       2.024952959178713e031   86268.4249318807       7.312243431806564e-002  
           98   1.993476599385761e028  1.619384977537847e030   591823962275.872        16913761656.5333       2.048843114194531e031   86160.4265257488       7.297272980213165e-002  
           99   1.993476599385649e028  1.639319743531703e030   589730127365.360        16989567712.4173       2.072706039397201e031   86052.8203380042       7.282347977161407e-002  
         100   2.093150429355070e028  1.660251247825254e030   587596044023.396        17068607168.5694       2.097732864948380e031   85942.9164024784       7.267132401466370e-002  
         101   2.093150429355070e028  1.681182752118805e030   585422722720.308        17147088551.8530       2.122730036402894e031   85830.7525684669       7.251575589179993e-002  
         102   2.093150429355014e028  1.702114256412355e030   583262016023.540        17225024124.9682       2.147698009799371e031   85718.9990537956       7.236060500144958e-002  
         103   2.093150429355014e028  1.723045760705905e030   581113731455.594        17302425162.5548       2.172636622968596e031   85607.6488664622       7.220612466335297e-002  
         104   2.196758752612513e028  1.745013348232030e030   578924815887.977        17383094914.1059       2.198778385376696e031   85493.9462354401       7.204843312501907e-002  
         105   2.196758752612654e028  1.766980935758157e030   576696305172.557        17463201035.5096       2.224888336316049e031   85377.9298498777       7.188739627599716e-002  
         106   2.196758752612541e028  1.788948523284282e030   574480860908.174        17542755534.4046       2.250966548589128e031   85262.3353504510       7.172706723213196e-002  
         107   2.196758752612597e028  1.810916110810408e030   572278284527.161        17621770457.5518       2.277013527506297e031   85147.1553610627       7.156704366207123e-002  
         108   2.308236062446588e028  1.833998471434874e030   570032818509.984        17704226300.2969       2.304348810983612e031   85029.4672668334       7.140353322029114e-002  
         109   2.308236062446616e028  1.857080832059340e030   567745569774.780        17786111557.5794       2.331650559567357e031   84909.3124415814       7.123666256666183e-002  
         110   2.308236062446644e028  1.880163192683806e030   565471891588.120        17867438697.3847       2.358920094120380e031   84789.5920932685       7.107047736644745e-002  
         111   2.308236062446672e028  1.903245553308273e030   563211578607.388        17948219628.4311       2.386158721050733e031   84670.2988421617       7.090467214584351e-002  
         112   2.421899201885266e028  1.927464545327126e030   560909103726.146        18032405009.2369       2.414702415992426e031   84548.4966734301       7.073450088500977e-002  
         113   2.421899201885294e028  1.951683537345979e030   558565577253.915        18116016511.6242       2.443207294338389e031   84424.2294007634       7.056034356355667e-002  
         114   2.421899201885266e028  1.975902529364831e030   556236109809.675        18199066454.7492       2.471673619956859e031   84300.4132170279       7.038692384958267e-002  
         115   2.421899201885350e028  2.000121521383685e030   553920490557.593        18281566954.1730       2.500101822829711e031   84177.0402869774       7.021406292915344e-002  
         116   2.544305659742299e028  2.025564577981108e030   551560341879.401        18367657938.4399       2.529926138158203e031   84050.9923965274       7.003761082887650e-002  
         117   2.544305659742356e028  2.051007634578531e030   549156852209.939        18453168588.4702       2.559709521398361e031   83922.3136189050       6.985732167959213e-002  
         118   2.544305659742356e028  2.076450691175955e030   546767969776.975        18538110984.4144       2.589451777358314e031   83794.0986827085       6.967768818140030e-002  
         119   2.544305659742356e028  2.101893747773379e030   544393476147.349        18622497705.5845       2.619153758619457e031   83666.3394477281       6.949905306100845e-002  
         120   2.671083776808539e028  2.128604585541464e030   541974353976.473        18710504240.5179       2.650292777238385e031   83535.8518492140       6.931625306606293e-002  
         121   2.671083776808454e028  2.155315423309549e030   539511818193.753        18797924723.2899       2.681388447454227e031   83402.6809194351       6.912989169359207e-002  
         122   2.671083776808567e028  2.182026261077634e030   537064441975.558        18884771640.7338       2.712440931888941e031   83269.9859038433       6.894432008266449e-002  
         123   2.671083776808482e028  2.208737098845719e030   534631999681.737        18971057626.0523       2.743450892189154e031   83137.7584167737       6.875924021005630e-002  
         124   2.806605212293077e028  2.236803150968650e030   532152938521.269        19061130206.5046       2.775988934216338e031   83002.6429698980       6.857027113437653e-002  
         125   2.806605212293049e028  2.264869203091580e030   529628548150.341        19150609995.9169       2.808481107885896e031   82864.6871671480       6.837745010852814e-002  
         126   2.806605212293021e028  2.292935255214510e030   527119921567.706        19239509949.0359       2.840927673827843e031   82727.2205193179       6.818521022796631e-002  
         127   2.806605212293162e028  2.321001307337442e030   524626824950.186        19327843000.5261       2.873329522299110e031   82590.2342413808       6.799355894327164e-002  
         128   2.946498306986878e028  2.350466290407311e030   522087279235.467        19419982160.1280       2.907298605097867e031   82450.3127752787       6.779795140028000e-002  
         129   2.946498306986738e028  2.379931273477178e030   519502598354.945        19511523484.7801       2.941219442483789e031   82307.5045030484       6.759832054376602e-002  
         130   2.946498306986850e028  2.409396256547047e030   516934285641.486        19602479929.0947       2.975092431479650e031   82165.1977112888       6.739962846040726e-002  
         131   2.946498306986878e028  2.438861239616916e030   514382099362.606        19692864510.0731       3.008918260149758e031   82023.3834219117       6.720150262117386e-002  
         132   3.090763060889632e028  2.469768870225812e030   511783714269.543        19787073317.8927       3.044349921491731e031   81878.5880552913       6.699934601783752e-002  
         133   3.090763060889688e028  2.500676500834709e030   509140467030.089        19880680291.1653       3.079730925102139e031   81730.8605539989       6.679309904575348e-002  
         134   3.090763060889716e028  2.531584131443606e030   506514191575.867        19973698898.2922       3.115061952602319e031   81583.6460944419       6.658755987882614e-002  
         135   3.090763060889716e028  2.562491762052503e030   503904638724.223        20066142056.1368       3.150343558842980e031   81436.9354395788       6.638280302286148e-002  
         136   3.248142792420228e028  2.594973189976705e030   501245547310.230        20162686082.8521       3.187369001931210e031   81286.9914288185       6.617362052202225e-002  
         137   3.248142792420115e028  2.627454617900906e030   498538371579.835        20258622290.9700       3.224340968174068e031   81133.8671344973       6.596007198095322e-002  
         138   3.248142792420059e028  2.659936045825107e030   495848864320.114        20353964789.2492       3.261260617912208e031   80981.2693838512       6.574709713459015e-002  
         139   3.248142792420228e028  2.692417473749309e030   493176767155.962        20448726568.8663       3.298128393906054e031   80829.1885480411       6.553504616022110e-002  
         140   3.409894183159833e028  2.726516415580908e030   490455723245.950        20547596455.3045       3.336776969810275e031   80673.8354765657       6.531851738691330e-002  
         141   3.409894183159777e028  2.760615357412505e030   487687207987.853        20645854330.2005       3.375369457705431e031   80515.2638962429       6.509760767221451e-002  
         142   3.409894183159833e028  2.794714299244104e030   484937051665.945        20743514734.8244       3.413907197810832e031   80357.2315053251       6.487749516963959e-002  
         143   3.409894183159777e028  2.828813241075702e030   482204987115.987        20840591101.7151       3.452391197492064e031   80199.7280761797       6.465795636177063e-002  
         144   3.409894183159889e028  2.862912182907300e030   479490754523.494        20937095988.5706       3.490821765503452e031   80042.7441823183       6.443957984447479e-002  
         145   3.409894183159889e028  2.897011124738899e030   476794100902.069        21033042003.6910       3.529199526545185e031   79886.2707408872       6.422180682420731e-002  
         146   3.409894183159833e028  2.931110066570498e030   474114780061.302        21128441504.9836       3.567525351481397e031   79730.2985560738       6.400477886199951e-002  
         147   3.409894183159721e028  2.965209008402095e030   471452552414.813        21223306548.5598       3.605802823044326e031   79574.8185891229       6.378848850727081e-002  
         148   3.405522523950627e028  2.999264233641601e030   468808880512.144        21317526627.3552       3.643985020445925e031   79419.9226052280       6.357373297214508e-002  
         149   3.405522523950684e028  3.033319458881108e030   466183494041.603        21411227228.5034       3.682092697312950e031   79265.6088386600       6.336523592472076e-002  
         150   3.405522523950515e028  3.067374684120613e030   463574472409.487        21504419098.1696       3.720126546943931e031   79111.7764214592       6.315734237432480e-002  
         151   3.405522523950571e028  3.101429909360119e030   460981596467.561        21597112172.2367       3.758086708292778e031   78958.4163841245       6.295069307088852e-002  
         152   3.580388892317794e028  3.137233798283297e030   458338492008.254        21694038149.6144       3.797917613614298e031   78801.5879967850       6.273951381444931e-002  
         153   3.580388892317738e028  3.173037687206474e030   455646600813.716        21790434882.9917       3.837668309657826e031   78641.3428771713       6.252430379390717e-002  
         154   3.580388892317794e028  3.208841576129652e030   452971846761.292        21886313485.0904       3.877339380681485e031   78481.5905889892       6.230968236923218e-002  
         155   3.580388892317794e028  3.244645465052830e030   450313999442.917        21981684480.8258       3.916931776278381e031   78322.3214363991       6.209658086299896e-002  
         156   3.580388892317794e028  3.280449353976008e030   447672834130.078        22076558046.9544       3.956446391292676e031   78163.5259889464       6.188436225056648e-002  
         157   3.580388892317794e028  3.316253242899186e030   445048131551.667        22170944990.8830       3.995882549693268e031   78005.1955089089       6.167230755090714e-002  
         158   3.580388892317850e028  3.352057131822364e030   442439678137.087        22264855598.4639       4.035239521944897e031   77847.3217309951       6.146105006337166e-002  
         159   3.580388892317794e028  3.387861020745542e030   439847265703.578        22358299473.9169       4.074517451609836e031   77689.8963632445       6.125031039118767e-002  
         160   3.759626919893941e028  3.425457289944482e030   437206198063.833        22455929060.1377       4.115676587877615e031   77528.9750049238       6.103527173399925e-002  
         161   3.759626919894166e028  3.463053559143423e030   434517876531.127        22553064729.3084       4.156748501342404e031   77364.6072200820       6.081569194793701e-002  
         162   3.759626919894054e028  3.500649828342364e030   431846570115.326        22649717151.0919       4.197733897197991e031   77200.7063877183       6.059700250625610e-002  
         163   3.759626919894279e028  3.538246097541307e030   429192060499.408        22745896100.9939       4.238632761500936e031   77037.2633969303       6.037915125489235e-002  
         164   3.759626919893941e028  3.575842366740246e030   426554134571.415        22841610871.3317       4.279444562078854e031   76874.2699283115       6.016218289732933e-002  
         165   3.759626919894166e028  3.613438635939188e030   423932584148.108        22936871527.5464       4.320170397198683e031   76711.7172383230       5.994577705860138e-002  
         166   3.759626919894054e028  3.651034905138128e030   421327206277.669        23031686662.3585       4.360809500959339e031   76549.5969717384       5.973031744360924e-002  
         167   3.759626919894166e028  3.688631174337070e030   418737802511.304        23126065503.9980       4.401362469769770e031   76387.9011028760       5.951553210616112e-002  
         168   3.759626919894166e028  3.726227443536012e030   416164179144.778        23220016827.0255       4.441829268406129e031   76226.6214659399       5.930145084857941e-002  
         169   3.759626919894166e028  3.763823712734953e030   413606146962.784        23313549105.3080       4.482210123274031e031   76065.7503033408       5.908811092376709e-002  
         170   3.759626919894279e028  3.801419981933896e030   411063521057.914        23406670363.1302       4.522504877499460e031   75905.2799769776       5.887565016746521e-002  
         171   3.759626919894054e028  3.839016251132837e030   408536120589.702        23499388608.2999       4.562713712905849e031   75745.2030131239       5.866385996341705e-002  
         172   3.755255260685129e028  3.876568803739688e030   406025229406.061        23591604851.8458       4.602790169941862e031   75585.6050510534       5.845287814736366e-002  
         173   3.755255260684792e028  3.914121356346536e030   403530640239.699        23683434648.5586       4.642781063872760e031   75426.4776201436       5.824261903762817e-002  
         174   3.755255260685073e028  3.951673908953387e030   401050723946.120        23774885584.7160       4.682683223263948e031   75267.7208941490       5.803315341472626e-002  
         175   3.755255260685073e028  3.989226461560237e030   398585315757.630        23865964660.3007       4.722490496157559e031   75109.3281136074       5.782444030046463e-002  
         176   3.947608265888782e028  4.028702544219125e030   396071479766.218        23961315683.0265       4.764224895247301e031   74947.2312538853       5.761127173900604e-002  
         177   3.947608265888951e028  4.068178626878015e030   393510544370.727        24056271203.5569       4.805844045356108e031   74781.4673254142       5.739350244402885e-002  
         178   3.947608265888782e028  4.107654709536903e030   390965104559.362        24150839138.3223       4.847349765637018e031   74616.0687062837       5.717649310827255e-002  
         179   3.947608265888838e028  4.147130792195791e030   388434984719.830        24245027222.1081       4.888744032234476e031   74451.0292453487       5.696015059947968e-002  
         180   3.947608265888951e028  4.186606874854680e030   385920013083.413        24338843100.7687       4.930028765989414e031   74286.3428689215       5.674440786242485e-002  
         181   3.947608265888894e028  4.226082957513569e030   383420021644.194        24432293822.2364       4.971205588395647e031   74122.0037795786       5.652951076626778e-002  
         182   3.947608265888782e028  4.265559040172457e030   380934845871.507        24525386429.2667       5.012276129233510e031   73958.0064195779       5.631535127758980e-002  
         183   3.947608265888726e028  4.305035122831344e030   378464324671.650        24618127970.4702       5.053242158079890e031   73794.3452752510       5.610181763768196e-002  
         184   3.947608265888782e028  4.344511205490232e030   376008300352.596        24710525240.6190       5.094105653032909e031   73631.0147035768       5.588895827531815e-002  
         185   3.947608265888894e028  4.383987288149121e030   373566618484.625        24802585155.3830       5.134868578018616e031   73468.0091734586       5.567659810185432e-002  
         186   3.947608265888669e028  4.423463370808008e030   371139127911.271        24894313779.6159       5.175532268839779e031   73305.3235802759       5.546509474515915e-002  
         187   3.947608265888951e028  4.462939453466897e030   368725680380.073        24985717663.5284       5.216098560335185e031   73142.9528536804       5.525417625904083e-002  
         188   3.947608265888669e028  4.502415536125784e030   366326130701.190        25076803056.4652       5.256569242136215e031   72980.8917892423       5.504394322633743e-002  
         189   3.947608265888838e028  4.541891618784672e030   363940336596.848        25167575956.2897       5.296945897699371e031   72819.1353985593       5.483432859182358e-002  
         190   3.947608265888782e028  4.581367701443560e030   361568158573.866        25258042226.5513       5.337229763044893e031   72657.6790395479       5.462539196014404e-002  
         191   3.947608265888894e028  4.620843784102449e030   359209459843.452        25348208035.7697       5.377423494021304e031   72496.5177621125       5.441686511039734e-002  
         192   4.144332930301865e028  4.662287113405468e030   356805667365.813        25442549809.3378       5.419526765502732e031   72331.6303364286       5.420393869280815e-002  
         193   4.144332930301922e028  4.703730442708487e030   354357995863.074        25536574497.9400       5.461536329618839e031   72163.0579406298       5.398556217551231e-002  
         194   4.144332930301865e028  4.745173772011506e030   351924735870.555        25630294737.3487       5.503441252499630e031   71994.7997266293       5.376420170068741e-002  
         195   4.144332930301922e028  4.786617101314525e030   349505744215.974        25723717024.4910       5.545242919189871e031   71826.8541037694       5.354328826069832e-002  
         196   4.144332930301978e028  4.828060430617545e030   347100880639.091        25816847721.9253       5.586942575809329e031   71659.2165753359       5.332281813025475e-002  
         197   4.144332930301922e028  4.869503759920564e030   344710007706.758        25909693237.4291       5.628541904421578e031   71491.8826366325       5.310268700122833e-002  
         198   4.144332930301753e028  4.910947089223581e030   342332990795.448        26002259488.5007       5.670041950573579e031   71324.8479824992       5.288309976458549e-002  
         199   4.144332930302034e028  4.952390418526602e030   339969697877.621        26094552584.9791       5.711444173157056e031   71158.1084090807       5.266385897994041e-002  
         200   4.144332930301753e028  4.993833747829619e030   337619999561.621        26186578415.3106       5.752751181127392e031   70991.6595919118       5.244506523013115e-002  
         201   4.144332930302091e028  5.035277077132640e030   335283768980.000        26278342565.9251       5.793968563680793e031   70825.4976422740       5.222677811980247e-002  
         202   4.144332930301753e028  5.076720406435658e030   332960881652.425        26369850129.0226       5.835081695225039e031   70659.6250105058       5.200922861695290e-002  
         203   4.144332930301753e028  5.118163735738675e030   330651215285.537        26461106281.8872       5.876088008304059e031   70494.0453615392       5.179230496287346e-002  
         204   4.144332930302203e028  5.159607065041697e030   328354649781.205        26552116284.9857       5.916988901886607e031   70328.7560674262       5.157589912414551e-002  
         205   4.144332930301640e028  5.201050394344714e030   326071067242.020        26642884932.3635       5.957785302251319e031   70163.7531648458       5.136021599173546e-002  
         206   4.144332930301865e028  5.242493723647732e030   323800351787.502        26733417593.8784       5.998478934694640e031   69999.0325898295       5.114474520087242e-002  
         207   4.144332930301978e028  5.283937052950752e030   321542389729.038        26823719086.1972       6.039070688276320e031   69834.5904451138       5.093012377619743e-002  
         208   4.144332930301865e028  5.325380382253771e030   319297069357.449        26913794150.2151       6.079561705258783e031   69670.4231187643       5.071596056222916e-002  
         209   4.144332930301978e028  5.366823711556791e030   317064280896.884        27003647988.7621       6.119953691672271e031   69506.5266711337       5.050206929445267e-002  
         210   4.144332930301865e028  5.408267040859809e030   314843916636.173        27093284859.7988       6.160247390746978e031   69342.8974122032       5.028893053531647e-002  
         211   4.142147100697431e028  5.449688511866784e030   312636452884.996        27182662177.1596       6.200422771976602e031   69179.5750455050       5.007640272378922e-002  
         212   4.142147100697319e028  5.491109982873757e030   310441772609.103        27271832096.4509       6.240502403659364e031   69016.5555469361       4.986407607793808e-002  
         213   4.139961271092659e028  5.532509595584683e030   308259767255.703        27360752281.2503       6.280466577794512e031   68853.8353207854       4.965262115001678e-002  
         214   4.139961271092997e028  5.573909208295613e030   306090323818.009        27449474052.8837       6.320337359567102e031   68691.4104888802       4.944161325693130e-002  
         215   4.142147100697319e028  5.615330679302587e030   303932198263.724        27538048390.9535       6.360136772449431e031   68529.1920353423       4.923104494810104e-002  
         216   4.142147100697431e028  5.656752150309561e030   301785306088.648        27626432868.4345       6.399845135087191e031   68367.1769501072       4.902084544301033e-002  
         217   4.144332930301978e028  5.698195479612581e030   299649558092.753        27714677919.3367       6.439484234955169e031   68205.3619095289       4.881106689572334e-002  
         218   4.144332930301865e028  5.739638808915599e030   297524872608.852        27802741105.4050       6.479034356110019e031   68043.7441320858       4.860180616378784e-002  
         219   4.144332930301865e028  5.781082138218618e030   295411720539.978        27890626527.9459       6.518496701512498e031   67882.3629252761       4.839278385043144e-002  
         220   4.144332930301640e028  5.822525467521634e030   293310010933.289        27978338126.8310       6.557872188889594e031   67721.2152414494       4.818436503410339e-002  
         221   4.144332930301865e028  5.863968796824653e030   291219654287.767        28065880006.5823       6.597162033990879e031   67560.2980010750       4.797631874680519e-002  
         222   4.144332930301865e028  5.905412126127672e030   289140562587.128        28153256058.9224       6.636367552625981e031   67399.6079431227       4.776880517601967e-002  
         223   4.144332930301865e028  5.946855455430690e030   287072649219.523        28240470161.8921       6.675489781651458e031   67239.1420985932       4.756165295839310e-002  
         224   4.144332930302091e028  5.988298784733711e030   285015828957.713        28327525758.4988       6.714529629191833e031   67078.8976958717       4.735503345727921e-002  
         225   4.144332930301978e028  6.029742114036731e030   282970017817.505        28414427211.8277       6.753489134491380e031   66918.8716955602       4.714860394597054e-002  
         226   4.144332930301865e028  6.071185443339750e030   280935133309.451        28501176982.6281       6.792367172634272e031   66759.0615646611       4.694319888949394e-002  
         227   4.144332930301865e028  6.112628772642768e030   278911093877.521        28587778121.3510       6.831162799187606e031   66599.4651084822       4.673870280385017e-002  
         228   4.144332930301978e028  6.154072101945788e030   276897819062.294        28674234334.2008       6.869877245458322e031   66440.0797527676       4.653449729084969e-002  
         229   4.144332930301753e028  6.195515431248806e030   274895229675.212        28760549414.3459       6.908511992853188e031   66280.9026991347       4.633058607578278e-002  
         230   4.144332930301865e028  6.236958760551824e030   272903247807.375        28846727090.4524       6.947068587288521e031   66121.9309235805       4.612697660923004e-002  
         231   4.144332930301978e028  6.278402089854844e030   270921796795.619        28932770931.2681       6.985548366119698e031   65963.1614995551       4.592372849583626e-002  
         232   4.144332930301978e028  6.319845419157864e030   268950801163.267        29018684583.9674       7.023952674773691e031   65804.5917085830       4.572077468037605e-002  
         233   4.144332930301865e028  6.361288748460882e030   266990186627.019        29104471552.0416       7.062282790813159e031   65646.2188580139       4.551816731691360e-002  
         234   4.144332930301865e028  6.402732077763901e030   265039880043.353        29190135519.0142       7.100540251353484e031   65488.0401179992       4.531578719615936e-002  
         235   4.144332930301865e028  6.444175407066920e030   263099809442.519        29275679977.4652       7.138726528723245e031   65330.0526464926       4.511371254920959e-002  
         236   4.144332930301865e028  6.485618736369938e030   261169903962.681        29361108187.8046       7.176842647909597e031   65172.2539095619       4.491204395890236e-002  
         237   4.144332930301978e028  6.527062065672958e030   259250093775.318        29446423823.1686       7.214890225557531e031   65014.6412434285       4.471054300665855e-002  
         238   4.144332930301865e028  6.568505394975977e030   257340310180.345        29531630397.1664       7.252870583655326e031   64857.2119426498       4.450927302241325e-002  
         239   4.144332930301978e028  6.609948724278997e030   255440485549.557        29616731164.7918       7.290785192137598e031   64699.9634173412       4.430834949016571e-002  
         240   4.144332930301865e028  6.651392053582015e030   253550553246.468        29701729501.6090       7.328634841977828e031   64542.8931219287       4.410769045352936e-002  
         241   4.144332930301978e028  6.692835382885035e030   251670447644.801        29786628618.5214       7.366419529779153e031   64385.9986208275       4.390736296772957e-002  
         242   4.144332930301865e028  6.734278712188054e030   249800104074.076        29871432016.4303       7.404119571076833e031   64229.2761126446       4.370719939470291e-002  
         243   4.144332930301978e028  6.775722041491073e030   247939458880.106        29956143070.0338       7.441728129782691e031   64072.7213917202       4.350724816322327e-002  
         244   4.144332930301640e028  6.817165370794090e030   246088449379.716        30040765100.6313       7.479245248654238e031   63916.3314235486       4.330760240554810e-002  
         245   4.144332930302203e028  6.858608700097112e030   244247013834.581        30125301180.5301       7.516670674685377e031   63760.1037035911       4.310798645019531e-002  
         246   4.144332930301640e028  6.900052029400128e030   242415091378.020        30209754805.1487       7.554004793700743e031   63604.0356302749       4.290888831019402e-002  
         247   4.144332930301978e028  6.941495358703148e030   240592622106.400        30294128753.0312       7.591247275602912e031   63448.1246693837       4.270993545651436e-002  
         248   4.144332930302091e028  6.982938688006169e030   238779546893.552        30378426443.3756       7.628398782238635e031   63292.3684047850       4.251128807663918e-002  
         249   4.144332930301978e028  7.024382017309189e030   236975807534.449        30462650811.9426       7.665462071352522e031   63136.7645412583       4.231291636824608e-002  
         250   4.144332930302091e028  7.065825346612210e030   235181346617.949        30546798094.1251       7.702417398120089e031   62981.3149701024       4.211831092834473e-002  
         251   4.144332930301640e028  7.107268675915226e030   233396105950.744        30630868416.6616       7.739258553583927e031   62826.0229297536       4.192528128623962e-002  
         252   4.144332930301865e028  7.148712005218245e030   231620027499.432        30714864735.6873       7.775987368111935e031   62670.8874761115       4.173253849148750e-002  
         253   4.144332930301978e028  7.190155334521265e030   229853054051.600        30798790041.8466       7.812605883978242e031   62515.9057663249       4.154019430279732e-002  
         254   4.144332930301865e028  7.231598663824283e030   228095129212.806        30882647104.8663       7.849115736329455e031   62361.0750414816       4.134813323616982e-002  
         255   4.144332930301978e028  7.273041993127303e030   226346197345.422        30966438639.4415       7.885518562740543e031   62206.3926464371       4.115644097328186e-002  
         256   4.144332930301865e028  7.314485322430322e030   224606203546.757        31050167579.3013       7.921815653198947e031   62051.8559101667       4.096499830484390e-002  
         257   4.144332930301528e028  7.355928651733337e030   222875093688.778        31133837385.1229       7.958007065666357e031   61897.4618458389       4.077353700995445e-002  
         258   4.144332930302203e028  7.397371981036359e030   221152814524.070        31217452235.2232       7.994093513233262e031   61743.2069051115       4.058169946074486e-002  
         259   4.144332930301753e028  7.438815310339376e030   219439313829.185        31301014951.9386       8.030075843460862e031   61589.0878648751       4.039021581411362e-002  
         260   4.144332930301978e028  7.480258639642396e030   217734540090.264        31384528600.9075       8.065954996059410e031   61435.1019344431       4.019871354103088e-002  
         261   4.144332930301865e028  7.521701968945415e030   216038442546.049        31467996502.3168       8.101732206393801e031   61281.2461577152       4.000733047723770e-002  
         262   4.144332930301978e028  7.563145298248435e030   214350971231.314        31551421643.5176       8.137408279700301e031   61127.5177016282       3.981610760092735e-002  
         263   4.144332930301753e028  7.604588627551452e030   212672076893.234        31634807199.8186       8.172984648175593e031   60973.9136037313       3.962500020861626e-002  
         264   4.144332930301865e028  7.646031956854471e030   211001711020.596        31718156066.6613       8.208462050487090e031   60820.4309546450       3.943394869565964e-002  
         265   4.144332930301640e028  7.687475286157487e030   209339825773.500        31801471512.4528       8.243841548822993e031   60667.0670644731       3.924308344721794e-002  
         266   4.144332930301978e028  7.728918615460507e030   207686374051.176        31884756676.4614       8.279124392888483e031   60513.8190134252       3.905222937464714e-002  
         267   4.144332930301865e028  7.770361944763526e030   206041309453.262        31968014321.7068       8.314311316244117e031   60360.6840420368       3.886162117123604e-002  
         268   4.144332930301753e028  7.811805274066543e030   204404586191.609        32051247662.6602       8.349403547504248e031   60207.6593446410       3.867104277014732e-002  
         269   4.144332930302091e028  7.853248603369564e030   202776159173.335        32134459705.3989       8.384401916155578e031   60054.7421718378       3.848050162196159e-002  
         270   4.144332930301865e028  7.894691932672583e030   201155983947.347        32217653649.3275       8.419307821157819e031   59901.9296717757       3.829016163945198e-002  
         271   4.144332930301865e028  7.936135261975601e030   199544016732.968        32300832330.5350       8.454122118614948e031   59749.2189875799       3.809992969036102e-002  
         272   4.144332930302091e028  7.977578591278622e030   197940214336.616        32383998789.6367       8.488845660319019e031   59596.6076665011       3.790978714823723e-002  
         273   4.144332930301978e028  8.019021920581642e030   196344534183.258        32467155955.4099       8.523479489561300e031   59444.0930139877       3.771967068314552e-002  
         274   4.144332930301865e028  8.060465249884661e030   194756934284.505        32550307088.0594       8.558024913402024e031   59291.6720729904       3.752980753779411e-002  
         275   4.144332930301978e028  8.101908579187681e030   193177373293.674        32633454916.4415       8.592482550813347e031   59139.3422633264       3.734004124999046e-002  
         276   4.144332930301865e028  8.143351908490699e030   191605810392.269        32716602678.9839       8.626853728886222e031   58987.1009156005       3.715027496218681e-002  
         277   4.144332930302091e028  8.184795237793720e030   190042205379.469        32799753138.0749       8.661139049172965e031   58834.9453397414       3.696065023541451e-002  
         278   4.144332930301640e028  8.226238567096736e030   188486518570.969        32882909648.1206       8.695340009341290e031   58682.8727642993       3.677111491560936e-002  
         279   4.144332930301978e028  8.267681896399756e030   186938710902.464        32966074873.4528       8.729457228521912e031   58530.8804715867       3.658176213502884e-002  
         280   4.144332930301753e028  8.309125225702774e030   185398743789.386        33049251959.5221       8.763491909492745e031   58378.9659340050       3.639245033264160e-002  
         281   4.144332930302428e028  8.350568555005798e030   183866579208.854        33132443900.0963       8.797444982263974e031   58227.1264522446       3.620324656367302e-002  
         282   4.144332930301753e028  8.392011884308816e030   182342179661.821        33215653656.1753       8.831317383948932e031   58075.3594103693       3.601416572928429e-002  
         283   4.144332930301753e028  8.433455213611833e030   180825508158.102        33298884371.8756       8.865110232944216e031   57923.6621067122       3.582512959837914e-002  
         284   4.144332930301865e028  8.474898542914852e030   179316528240.850        33382138926.6751       8.898825164279774e031   57772.0318726097       3.563625365495682e-002  
         285   4.144332930302203e028  8.516341872217874e030   177815203929.301        33465420298.8401       8.932464352115799e031   57620.4661994930       3.544749692082405e-002  
         286   4.144332930301640e028  8.557785201520890e030   176321499728.313        33548729662.8531       8.966020498422513e031   57468.9643839056       3.525962680578232e-002  
         287   4.144332930301753e028  8.599228530823908e030   174835380300.190        33632070303.7665       8.999494781871577e031   57317.5253351644       3.507174551486969e-002  
         288   4.144332930302091e028  8.640671860126929e030   173356810836.996        33715444893.6451       9.032887459081792e031   57166.1465370294       3.488411381840706e-002  
         289   4.144332930302091e028  8.682115189429950e030   171885756943.438        33798856491.5558       9.066199371715511e031   57014.8256730354       3.469657152891159e-002  
         290   4.144332930301978e028  8.723558518732969e030   170422184697.104        33882307993.4048       9.099431149476926e031   56863.5602266669       3.450918942689896e-002  
         291   4.144332930301753e028  8.765001848035987e030   168966060611.657        33965802555.2275       9.132583393462897e031   56712.3478114318       3.432186320424080e-002  
         292   4.144332930301865e028  8.806445177339005e030   167517351673.388        34049343015.8117       9.165656706232711e031   56561.1859691263       3.413472697138786e-002  
         293   4.144332930301978e028  8.847888506642025e030   166076025278.425        34132932239.7443       9.198652087545818e031   56410.0722896700       3.394777327775955e-002  
         294   4.144332930301865e028  8.889331835945044e030   164642049229.700        34216573485.8357       9.231575858142126e031   56259.0042416529       3.376078978180885e-002  
         295   4.144332930301978e028  8.930775165248064e030   163215391795.284        34300264514.5743       9.264401602529991e031   56107.9876289599       3.357616066932678e-002  
         296   4.144332930301865e028  8.972218494551082e030   161796020788.957        34384006615.1055       9.297125347056562e031   55957.0304579693       3.339228406548500e-002  
         297   4.144332930302091e028  9.013661823854103e030   160383904168.092        34467802630.1662       9.329748668446340e031   55806.1329447100       3.320859372615814e-002  
         298   4.144332930301753e028  9.055105153157121e030   158979010287.289        34551655250.6331       9.362273318704383e031   55655.2936836410       3.302519768476486e-002  
         299   4.144332930301753e028  9.096548482460138e030   157581307866.433        34635567431.1878       9.394699094106842e031   55504.5116062517       3.284186124801636e-002  
         300   4.139961271092659e028  9.137948095171065e030   156191499434.653        34719453704.8511       9.426991445019532e031   55353.8657456669       3.265862539410591e-002  
         301   4.139961271092322e028  9.179347707881988e030   154809539518.488        34803405927.7833       9.459185525539053e031   55203.3545516820       3.247571736574173e-002  
         302   4.139961271092885e028  9.220747320592917e030   153434664802.209        34887427009.3463       9.491281825226474e031   55052.8975167124       3.229286894202232e-002  
         303   4.139961271092997e028  9.262146933303847e030   152066845746.880        34971519862.6456       9.523280626464516e031   54902.4938356854       3.211020305752754e-002  
         304   4.144332930301528e028  9.303590262606862e030   150705334700.061        35055776608.4822       9.555216307707258e031   54752.0629373709       3.192751854658127e-002  
         305   4.144332930301978e028  9.345033591909882e030   149350117655.560        35140111520.5119       9.587055276746927e031   54601.6043156963       3.174488991498947e-002  
         306   4.144332930302316e028  9.386476921212905e030   148001884585.341        35224527817.2508       9.618798334118475e031   54451.1961115201       3.156242147088051e-002  
         307   4.144332930301865e028  9.427920250515924e030   146660607371.687        35309028486.6687       9.650445758631137e031   54300.8373557380       3.137999400496483e-002  
         308   4.144332930301978e028  9.469363579818944e030   145326258239.519        35393616664.8594       9.681998074901579e031   54150.5272143512       3.119777143001556e-002  
         309   4.144332930301865e028  9.510806909121962e030   143998809771.444        35478295837.9046       9.713455933325695e031   54000.2646052120       3.101556189358234e-002  
         310   4.144332930301978e028  9.552250238424982e030   142678234952.114        35563068752.2962       9.744819636143269e031   53850.0487679779       3.083364479243755e-002  
         311   4.144332930301640e028  9.593693567727998e030   141364507049.711        35647939069.1074       9.776091052154021e031   53699.8786497802       3.065169416368008e-002  
         312   4.144332930301978e028  9.635136897031018e030   140057599744.259        35732908422.4537       9.807264904440238e031   53549.7542729332       3.047044947743416e-002  
         313   4.144332930301753e028  9.676580226334036e030   138757486822.834        35817980406.1049       9.838341896717822e031   53399.6756910133       3.028921037912369e-002  
         314   4.144332930302091e028  9.718023555637057e030   137464142461.870        35903158553.7957       9.869323158856945e031   53249.6415086113       3.010805137455463e-002  
         315   4.144332930301865e028  9.759466884940075e030   136177541209.226        35988446159.5778       9.900209361515132e031   53099.6507588391       2.992700412869453e-002  
         316   4.144332930301978e028  9.800910214243095e030   134897657941.147        36073846661.9007       9.931001423711765e031   52949.7025270262       2.974588051438332e-002  
         317   4.144332930301865e028  9.842353543546114e030   133624467874.867        36159363813.4390       9.961700324680735e031   52799.7956600189       2.956497482955456e-002  
         318   4.144332930301753e028  9.883796872849131e030   132357946604.325        36245001137.0611       9.992307090204923e031   52649.9289693523       2.938407287001610e-002  
         319   4.144332930302316e028  9.925240202152154e030   131098070058.689        36330761986.2767       1.002282227127270e032   52500.1014746661       2.920332364737988e-002  
         320   4.144332930301528e028  9.966683531455170e030   129844814470.561        36416650486.7085       1.005324705209439e032   52350.3120788237       2.902247570455074e-002  
         321   4.144332930301978e028  1.000812686075819e031   128598156474.106        36502669960.3386       1.008358208090995e032   52200.5596161803       2.884181402623653e-002  
         322   4.144332930302091e028  1.004957019006121e031   127358072985.126        36588824346.3191       1.011382850778367e032   52050.8430143568       2.866114303469658e-002  
         323   4.144332930302316e028  1.009101351936423e031   126124541277.057        36675117316.3454       1.014398719148821e032   51901.1611341020       2.848056517541409e-002  
         324   4.144332930301640e028  1.013245684866725e031   124897538935.495        36761552716.2067       1.017405903888625e032   51751.5128845582       2.830003574490547e-002  
         325   4.144332930301865e028  1.017390017797027e031   123677043872.868        36848134359.8516       1.020404482114823e032   51601.8972044084       2.811957895755768e-002  
         326   4.144332930301978e028  1.021534350727329e031   122463034315.206        36934866183.9277       1.023394552134976e032   51452.3129959077       2.793916873633862e-002  
         327   4.144332930302203e028  1.025678683657631e031   121255488809.404        37021752366.8116       1.026376230545126e032   51302.7589805928       2.775874175131321e-002  
         328   4.144332930301753e028  1.029823016587933e031   120054386245.439        37108796633.1312       1.029349588752204e032   51153.2340998841       2.757845818996429e-002  
         329   4.144332930301978e028  1.033967349518235e031   118859705787.962        37196002898.0334       1.032314708653509e032   51003.7374271513       2.739816531538963e-002  
         330   4.144332930301753e028  1.038111682448537e031   117671426892.595        37283375522.8337       1.035271699379773e032   50854.2678191863       2.721805684268475e-002  
         331   4.144332930301978e028  1.042256015378839e031   116489529353.830        37370918737.7088       1.038220657189427e032   50704.8240779922       2.703787200152874e-002  
         332   4.144332930301978e028  1.046400348309140e031   115313993278.229        37458636523.3912       1.041161662883222e032   50555.4051050777       2.685781009495258e-002  
         333   4.144332930301978e028  1.050544681239442e031   114144799043.642        37546533271.4609       1.044094817083676e032   50406.0098444202       2.667776122689247e-002  
         334   4.144332930301753e028  1.054689014169744e031   112981927341.564        37634613068.1521       1.047020153906570e032   50256.6372943195       2.649783529341221e-002  
         335   4.144332930302203e028  1.058833347100046e031   111825359129.616        37722880562.9688       1.049937439197061e032   50107.2858098769       2.631787955760956e-002  
         336   4.144332930301753e028  1.062977680030348e031   110675075691.559        37811337892.8443       1.052846038318969e032   49957.9487528607       2.613865770399570e-002  
         337   4.144332930301978e028  1.067122012960650e031   109531058322.533        37899989425.2411       1.055746037262517e032   49808.6193965121       2.595951780676842e-002  
         338   4.144332930301528e028  1.071266345890952e031   108393288595.833        37988839151.5876       1.058637502250595e032   49659.2953071801       2.578058652579784e-002  
         339   4.144332930302203e028  1.075410678821254e031   107261748308.707        38077891122.5232       1.061520463816640e032   49509.9743154229       2.560186199843884e-002  
         340   4.144332930301753e028  1.079555011751556e031   106136419481.482        38167149736.3594       1.064394986113039e032   49360.6541474339       2.542326040565968e-002  
         341   4.144332930301753e028  1.083699344681857e031   105017284390.376        38256619308.1882       1.067261127257171e032   49211.3323100910       2.524477429687977e-002  
         342   4.144332930301978e028  1.087843677612159e031   103904325548.684        38346304134.1293       1.070118945211257e032   49062.0063728879       2.506657131016254e-002  
         343   4.144332930301978e028  1.091988010542461e031   102797525695.891        38436208644.0777       1.072968518118256e032   48912.6738500726       2.488852664828300e-002  
         344   4.144332930301978e028  1.096132343472763e031   101696867804.512        38526337155.8265       1.075809896306938e032   48763.3323521916       2.471054717898369e-002  
         345   4.144332930301978e028  1.100276676403065e031   100602335058.499        38616694473.7333       1.078642302545302e032   48613.9794055642       2.453284151852131e-002  
         346   4.144332930301978e028  1.104421009333367e031   99513910899.7901        38707282580.3844       1.081465295464950e032   48464.6037858804       2.435594797134399e-002  
         347   4.144332930301753e028  1.108565342263669e031   98431578702.7770        38798103127.3647       1.084279446930213e032   48315.1848631517       2.418002299964428e-002  
         348   4.144332930301978e028  1.112709675193971e031   97355321737.8291        38889161426.9041       1.087084877289486e032   48165.7118178372       2.400409802794456e-002  
         349   4.144332930301302e028  1.116854008124272e031   96285123575.6715        38980462465.5327       1.089881679729871e032   48016.1847151800       2.382832765579224e-002  
         350   4.144332930302203e028  1.120998341054575e031   95220968040.3765        39072011388.9605       1.092669944984232e032   47866.6038357572       2.365248650312424e-002  
         351   4.144332930301978e028  1.125142673984876e031   94162839216.4774        39163813666.9870       1.095449790279367e032   47716.9693283631       2.347684837877750e-002  
         352   3.729025305430007e028  1.128871699290306e031   93163438343.3116        39246637286.1692       1.097943953682990e032   47574.8032264915       2.331005036830902e-002  
         353   3.729025305430007e028  1.132600724595736e031   92221609203.5572        39329674533.3334       1.100431474791991e032   47440.0726216968       2.315203100442886e-002  
         354   3.729025305429556e028  1.136329749901166e031   91284623920.8010        39412929176.1584       1.102912406271175e032   47305.2990187037       2.299414761364460e-002  
         355   3.729025305430007e028  1.140058775206596e031   90352471633.4544        39496405399.1145       1.105386800576303e032   47170.4826122910       2.283630147576332e-002  
         356   3.729025305430007e028  1.143787800512026e031   89425141657.9660        39580107542.8000       1.107854520680882e032   47035.6235186828       2.267846837639809e-002  
         357   7.458050610859788e028  1.151245851122886e031   88041364415.6654        39748202327.6607       1.112769472980266e032   46832.9818391129       2.244213595986366e-002  
         358   3.729025305429781e028  1.154974876428316e031   86671975796.5006        39832602586.8237       1.115216745177834e032   46630.7572764946       2.220674417912960e-002  
         359   3.729025305429781e028  1.158703901733745e031   85763830896.4701        39917243829.4223       1.117657260271162e032   46495.7018982807       2.204974554479122e-002  
         360   7.458050610859563e028  1.166161952344605e031   84408769774.1357        40087266919.4046       1.122518081023493e032   46292.7511629827       2.181413397192955e-002  
         361   3.729025305430007e028  1.169890977650035e031   83067976940.8068        40172657516.4012       1.124938512802910e032   46090.2186718838       2.157932147383690e-002  
         362   3.733396964639100e028  1.173624374614674e031   82178335548.6030        40258407655.4210       1.127355164871557e032   45954.8733099332       2.142257615923882e-002  
         363   7.466793929278425e028  1.181091168543953e031   80850206759.6766        40430705985.5939       1.132168742547263e032   45751.3596440215       2.118715830147266e-002  
         364   3.733396964639325e028  1.184824565508592e031   79536266664.4012        40517263460.2885       1.134565785385796e032   45548.2678468888       2.095258794724941e-002  
         365   3.729025305429556e028  1.188553590814021e031   78665532736.3163        40603998043.0507       1.136953587113266e032   45412.7025730152       2.079618349671364e-002  
         366   7.458050610859563e028  1.196011641424881e031   77367241339.8808        40778322077.5024       1.141709984973751e032   45209.0887339268       2.056162431836128e-002  
         367   7.458050610859788e028  1.203469692035741e031   75654919720.6294        40953820708.0384       1.146441147937060e032   44937.7657257230       2.024954743683338e-002  
         368   3.729025305430457e028  1.207198717341171e031   74384678908.4885        41042023861.7890       1.148796449269009e032   44734.4038706056       2.001601085066795e-002  
         369   7.458050610860013e028  1.214656767952031e031   73121420218.2573        41219362590.0430       1.153484566975170e032   44530.3099430606       1.978236623108387e-002  
         370   6.714868545299288e028  1.221371636497330e031   71538642908.1981        41380120853.3750       1.157678380849071e032   44271.8370584589       1.948763616383076e-002  
         371   6.714868545299288e028  1.228086505042630e031   70053868955.1357        41541944396.4418       1.161846802518407e032   44026.4634772262       1.920901983976364e-002  
         372   6.714868545299513e028  1.234801373587929e031   68584058922.2887        41704864467.9886       1.165990726752066e032   43780.6734168228       1.893113367259502e-002  
         373   6.714868545299513e028  1.241516242133229e031   67129170204.5439        41868916625.6338       1.170110552434756e032   43534.4470233983       1.865370385348797e-002  
         374   3.353062613440100e028  1.244869304746669e031   66049632620.1742        41951270905.3444       1.172158906036570e032   43349.8109316593       1.844625733792782e-002  
         375   3.353062613440325e028  1.248222367360109e031   65334268841.3364        42033921191.6195       1.174201395087790e032   43226.5320422733       1.830804161727428e-002  
         376   6.706125226881101e028  1.254928492586990e031   64266770339.6593        42200129040.5736       1.178268937975099e032   43041.1621733114       1.810065843164921e-002  
         377   6.714868545299062e028  1.261643361132289e031   62857285019.7419        42367796861.6444       1.182318360155253e032   42793.7634122797       1.782481744885445e-002  
         378   6.714868545299738e028  1.268358229677589e031   61461647581.4296        42536739686.8047       1.186344563789939e032   42545.7397712204       1.755031384527683e-002  
         379   6.714868545299513e028  1.275073098222889e031   60080739847.1173        42706997213.2479       1.190347850937388e032   42297.2350154895       1.727650314569473e-002  
         380   6.714868545299513e028  1.281787966768188e031   58714526684.6079        42878610857.4308       1.194328518779686e032   42048.2388011376       1.700332388281822e-002  
         381   6.714868545299288e028  1.288502835313487e031   57362974275.8839        43051623304.5453       1.198286898074324e032   41798.7401464838       1.673084124922752e-002  
         382   6.714868545298612e028  1.295217703858786e031   56026050087.2926        43226078769.0770       1.202222711636654e032   41548.7253680318       1.645907387137413e-002  
         383   6.041633027086082e028  1.301259336885872e031   54770011404.1090        43384313594.1829       1.205745376543442e032   41310.8105305274       1.620175130665302e-002  
         384   6.041633027085631e028  1.307300969912958e031   53592054797.4386        43543788686.8029       1.209250670252666e032   41084.9256862251       1.595847494900227e-002  
         385   6.041633027085857e028  1.313342602940044e031   52425870781.3251        43704541216.5161       1.212738807397581e032   40858.5854713994       1.571563631296158e-002  
         386   6.041633027085631e028  1.319384235967129e031   51271439394.2872        43866609269.1632       1.216209939215563e032   40631.7871863508       1.547329593449831e-002  
         387   6.041633027085857e028  1.325425868994215e031   50128741619.2631        44030034595.4100       1.219664422834096e032   40404.5275410288       1.523140911012888e-002  
         388   6.041633027085631e028  1.331467502021301e031   48997759621.7823        44194858782.6675       1.223102448488880e032   40176.8032524957       1.498997118324041e-002  
         389   6.041633027085631e028  1.337509135048386e031   47878476577.3177        44361125385.1760       1.226524205115134e032   39948.6115652731       1.474902033805847e-002  
         390   6.041633027085406e028  1.343550768075472e031   46770876716.2727        44528892372.2899       1.229928077560361e032   39719.9145581778       1.450746506452560e-002  
         391   6.041633027085631e028  1.349592401102557e031   45674946584.1638        44698223590.8390       1.233313386197204e032   39490.6210463692       1.426504924893379e-002  
         392   6.041633027086307e028  1.355634034129644e031   44590675375.2087        44869167855.3724       1.236680146551197e032   39260.6707123939       1.402328070253134e-002  
         393   5.438344056218819e028  1.361072378185863e031   43571606723.6703        45024462351.1812       1.239695094652144e032   39041.6387871930       1.379436161369085e-002  
         394   5.438344056218594e028  1.366510722242081e031   42615523336.6794        45181141651.2769       1.242695374289731e032   38833.4864235264       1.357806194573641e-002  
         395   5.438344056219495e028  1.371949066298301e031   41668865717.3625        45339245331.6331       1.245681126730286e032   38624.7598526891       1.336231362074614e-002  
         396   5.438344056219045e028  1.377387410354520e031   40731628483.2207        45498814674.5344       1.248652506859262e032   38415.4448064008       1.314713992178440e-002  
         397   5.438344056218819e028  1.382825754410738e031   39803806897.8857        45659891984.4032       1.251607405180422e032   38205.5261863661       1.293255481868982e-002  
         398   5.438344056218819e028  1.388264098466957e031   38885396834.3899        45822517436.2813       1.254547561651828e032   37994.9481616695       1.271899323910475e-002  
         399   5.438344056218819e028  1.393702442523176e031   37976394485.3755        45986737722.1749       1.257473159383083e032   37783.6609546317       1.250595040619373e-002  
         400   5.438344056219495e028  1.399140786579396e031   37076796764.3353        46152601713.5874       1.260384389747951e032   37571.6602288933       1.229345984756947e-002  
         401   5.438344056218594e028  1.404579130635614e031   36186601339.1449        46320160572.2397       1.263281450978795e032   37358.9414358090       1.208151411265135e-002  
         402   5.438344056218819e028  1.410017474691833e031   35305806665.1534        46489467358.4626       1.266163831089158e032   37145.4957540415       1.187014393508434e-002  
         403   4.896258314281115e028  1.414913733006114e031   34477841618.3132        46643434854.8981       1.268746785687106e032   36942.0461896751       1.167021412402391e-002  
         404   4.896258314280665e028  1.419809991320395e031   33700925379.6700        46798902212.7917       1.271318416633685e032   36748.5681394914       1.148118171840906e-002  
         405   4.896258314281115e028  1.424706249634676e031   32931628623.9183        46955913409.8316       1.273878877933204e032   36554.4483572194       1.129266247153282e-002  
         406   4.896258314280890e028  1.429602507948957e031   32169952235.5536        47114514164.9489       1.276428316349243e032   36359.6768831281       1.110459305346012e-002  
         407   4.887514995862478e028  1.434490022944819e031   31416570941.8999        47274464553.4386       1.278962384571511e032   36164.4186966692       1.091716904193163e-002  
         408   4.887514995862028e028  1.439377537940681e031   30671459599.6534        47436096044.4176       1.281485783751854e032   35968.6629597231       1.073038019239902e-002  
         409   4.896258314280665e028  1.444273796254962e031   29933287949.5423        47599754865.6621       1.284003187642770e032   35772.0481407477       1.054386328905821e-002  
         410   4.896258314280214e028  1.449170054569242e031   29202086568.4585        47765207468.1430       1.286510156890188e032   35574.5624536639       1.035768818110228e-002  
         411   4.896258314281115e028  1.454066312883523e031   28478519132.4977        47932517165.3565       1.289005083915396e032   35376.3460887301       1.017161179333925e-002  
         412   4.896258314281340e028  1.458962571197805e031   27762590712.2881        48101744352.3863       1.291486856397009e032   35177.3147412457       9.985966607928276e-003  
         413   4.406632482852756e028  1.463369203680657e031   27089721297.0538        48255738171.9949       1.293709227516554e032   34987.4594049439       9.810289368033409e-003  
         414   4.406632482852531e028  1.467775836163510e031   26458463286.0535        48411380806.7716       1.295921108348538e032   34806.7834457054       9.644296951591969e-003  
         415   4.397889164434569e028  1.472173725327945e031   25834027710.7864        48568406874.1466       1.298118260814569e032   34625.5421582700       9.478943422436714e-003  
         416   4.397889164434119e028  1.476571614492379e031   25216395519.2051        48727174913.2864       1.300303898572361e032   34443.7342365177       9.314184077084064e-003  
         417   4.406632482852756e028  1.480978246975231e031   24604344862.8173        48888056721.1673       1.302482657949335e032   34260.9616965171       9.149862453341484e-003  
         418   4.406632482852981e028  1.485384879458084e031   23997906835.4568        49050793633.1892       1.304650212395133e032   34077.1688895452       8.985879831016064e-003  
         419   4.406632482852306e028  1.489791511940937e031   23397696195.9521        49215442939.2716       1.306806584952012e032   33892.5010286888       8.822428062558174e-003 
         420   4.406632482852756e028  1.494198144423789e031   22803720399.7863        49382064967.8172       1.308951781770129e032   33706.9273061430       8.659491315484047e-003 
         421   3.960723243516231e028  1.498158867667306e031   22245723921.9079        49533561288.0306       1.310869739678095e032   33529.9172525868       8.505342528223991e-003 
         422   3.960723243516681e028  1.502119590910822e031   21722513764.4730        49686748523.2550       1.312778181022542e032   33361.4636213847       8.359892293810844e-003 
         423   3.969466561934642e028  1.506089057472757e031   21203788023.3451        49842021328.4301       1.314681391707851e032   33191.9734808629       8.214656263589859e-003 
         424   3.969466561934868e028  1.510058524034692e031   20689575998.9438        49999095155.5735       1.316575170436713e032   33021.4268660855       8.069710806012154e-003 
         425   3.960723243516231e028  1.514019247278208e031   20181017636.6984        50157673750.0677       1.318455451678684e032   32850.1800269971       7.925364188849926e-003 
         426   3.960723243516231e028  1.517979970521724e031   19678098267.6538        50318158635.5167       1.320326467577643e032   32678.2130076947       7.781566586345434e-003 
         427   3.969466561935093e028  1.521949437083659e031   19179715885.6409        50480971104.8274       1.322192369638485e032   32505.1240269393       7.637995295226574e-003 
         428   3.969466561934642e028  1.525918903645594e031   18685901676.2067        50645823175.1792       1.324049103610115e032   32330.8887721613       7.494715508073568e-003 
         429   3.567273914690176e028  1.529486177560284e031   18221971635.9261        50795767382.5674       1.325709945466369e032   32164.6188369043       7.359098643064499e-003 
         430   3.567273914689951e028  1.533053451474974e031   17786946926.5081        50947464307.3712       1.327363385743813e032   32006.3476040305       7.231003604829311e-003 
         431   3.567273914690401e028  1.536620725389665e031   17356077702.8363        51100967969.9105       1.329009592572907e032   31847.2444709344       7.103215437382460e-003 
         432   3.567273914690627e028  1.540187999304355e031   16929371799.3521        51256333501.7605       1.330647190666682e032   31687.2906088335       6.975800730288029e-003 
         433   3.567273914689951e028  1.543755273219045e031   16506837411.1376        51413668980.4878       1.332276441927731e032   31526.3201674286       6.846562493592501e-003 
         434   3.567273914689951e028  1.547322547133735e031   16088484748.3051        51573069815.1152       1.333896068155405e032   31364.0601729559       6.716347765177488e-003 
         435   3.567273914690176e028  1.550889821048425e031   15674325471.0736        51734618087.8355       1.335505112544765e032   31200.3469622230       6.585955154150724e-003 
         436   1.783636957345088e028  1.552673458005770e031   15366860466.9749        51816226533.8512       1.336305620659052e032   31076.7094184132       6.488050799816847e-003 
         437   1.783636957345088e028  1.554457094963116e031   15162937813.1467        51898402396.6381       1.337103422823686e032   30993.6755393164       6.422917358577251e-003 
         438   3.208797859537994e028  1.557665892822654e031   14879023554.1223        52047694068.1907       1.338531794592109e032   30876.6552921698       6.331971380859613e-003 
         439   3.208797859537544e028  1.560874690682191e031   14517486586.7434        52198903075.8345       1.339951224619861e032   30725.1830814228       6.215701811015606e-003 
         440   3.208797859537769e028  1.564083488541729e031   14159384456.1729        52352083957.3029       1.341361350226899e032   30572.3373514077       6.100003141909838e-003 
         441   3.208797859537769e028  1.567292286401267e031   13804727560.9087        52507299887.6666       1.342762207778572e032   30418.0828623327       5.984686780720949e-003 
         442   3.217541177955956e028  1.570509827579223e031   13453048181.1467        52665044833.4529       1.344157455407618e032   30262.1662303481       5.869694519788027e-003 
         443   3.217541177955730e028  1.573727368757178e031   13104376277.4853        52824964302.8811       1.345543127371165e032   30104.5479533855       5.755062680691481e-003 
         444   1.604398929768772e028  1.575331767686947e031   12845729853.2915        52905540742.6240       1.346230462460474e032   29985.5980192191       5.669618956744671e-003 
         445   1.604398929768772e028  1.576936166616716e031   12674483324.1829        52986683866.0929       1.346915363312393e032   29905.8604188431       5.612840410321951e-003 
         446   3.208797859537769e028  1.580144964476254e031   12418923377.5744        53150706282.2378       1.348277803463415e032   29785.3586116484       5.527799483388662e-003 
         447   1.442647539029054e028  1.581587612015283e031   12174489882.7571        53225220029.6481       1.348887122620744e032   29668.3691149257       5.446121562272310e-003 
         448   4.327942617087387e028  1.585915554632370e031   11872664582.4094        53451715858.0121       1.350702878333232e032   29521.4822318509       5.344765260815620e-003 
         449   1.447019198238260e028  1.587362573830609e031   11574885224.3247        53528458439.5732       1.351305862826723e032   29373.8335409622       5.244227126240730e-003 
         450   1.447019198238260e028  1.588809593028847e031   11426375976.6857        53605722253.8519       1.351906761165879e032   29299.1517044721       5.193872842937708e-003 
         451   4.336685935505912e028  1.593146278964353e031   11131020241.9557        53840490908.3186       1.353694979658363e032   29148.4633932332       5.093127023428679e-003 
         452   1.442647539029167e028  1.594588926503382e031   10840210211.4818        53919693270.7075       1.354285715112647e032   28997.1862171212       4.992921371012926e-003 
         453   2.885295078058108e028  1.597474221581440e031   10623513358.6617        54079805062.4489       1.355460922960274e032   28882.5094292254       4.917828831821680e-003 
         454   1.447019198238598e028  1.598921240779679e031   10408767221.3814        54160980372.4675       1.356047145979407e032   28767.1541951935       4.843031056225300e-003 
         455   2.894038396477308e028  1.601815279176156e031   10194681072.4019        54325137148.4426       1.357213182030886e032   28650.3994281214       4.768090322613716e-003 
         456   1.447019198238035e028  1.603262298374394e031   9982788041.92761        54408141159.9475       1.357792968975301e032   28533.0551627227       4.693528637290001e-003 
         457   2.596765570252320e028  1.605859063944646e031   9786429826.78456        54558688624.2701       1.358828009160002e032   28422.6725163823       4.624030552804470e-003 
         458   2.596765570252320e028  1.608455829514899e031   9536610235.63979        54711334302.8826       1.359856040454152e032   28279.8640177750       4.535197280347347e-003 
         459   2.605508888670957e028  1.611061338403570e031   9288750951.01751        54866685639.3592       1.360879704626446e032   28135.4134495890       4.446114879101515e-003 
         460   1.302754444335478E+028  1.612364092847905E+031   9104345817.59391        54945221486.8743       1.361388925266395E+032   28026.0240811346       4.378708079457283E-003  
         461   1.302754444335478E+028  1.613666847292241E+031   8982011590.75346        55024343250.6854       1.361896360172217E+032   27952.4946891048       4.333829507231712E-003  
         462   2.596765570252320E+028  1.616263612862493E+031   8799824509.75867        55183853316.3131       1.362902585173155E+032   27841.5176231122       4.266452044248581E-003  
         463   1.298382785126385E+028  1.617561995647619E+031   8619647188.16039        55264530193.6471       1.363403116101158E+032   27729.9763020053       4.199380055069923E-003  
         464   1.298382785126385E+028  1.618860378432746E+031   8500132916.96878        55345835011.2225       1.363901907050007E+032   27654.9781019428       4.154742229729891E-003  
         465   2.343209336120179E+028  1.621203587768866E+031   8333380193.26978        55494190369.7311       1.364797642998801E+032   27548.9418773368       4.092273768037558E-003  
         466   2.343209336119278E+028  1.623546797104985E+031   8120761923.15367        55644690212.2651       1.365687581785401E+032   27411.3030947988       4.012288060039282E-003  
         467   2.343209336120404E+028  1.625890006441106E+031   7910130579.43751        55797403412.2845       1.366571654182579E+032   27272.1499438141       3.932656720280647E-003  
         468   2.343209336120179E+028  1.628233215777226E+031   7701495030.83351        55952401187.5223       1.367449775109923E+032   27131.4423439601       3.853378351777792E-003  
         469   2.343209336119954E+028  1.630576425113346E+031   7494864354.54188        56109759219.3879       1.368321870996724E+032   26989.1385444805       3.774454817175865E-003  
         470   2.343209336119728E+028  1.632919634449465E+031   7290247859.29084        56269556492.0462       1.369187851210433E+032   26845.1949627430       3.695889608934522E-003  
         471   2.334466017702443E+028  1.635254100467168E+031   7088033059.52042        56431266268.4032       1.370044199111483E+032   26699.8406791518       3.617815440520644E-003  
         472   2.334466017701542e028  1.637588566484869e031   6888214587.03130        56595581708.8974       1.370894329768852e032   26553.0249061116       3.539924975484610e-003 
         473   2.107139738824186e028  1.639695706223694e031   6700054844.37221        56746209434.6202       1.371656254711445e032   26411.7350626039       3.466237802058458e-003 
         474   2.107139738824186e028  1.641802845962518e031   6523186062.63960        56899103327.2096       1.372412958950638e032   26276.1096416202       3.396645421162248e-003 
         475   2.107139738824186e028  1.643909985701342e031   6347985835.08951        57054336569.9370       1.373164242083970e032   26138.9519089707       3.327390644699335e-003 
         476   2.107139738824411e028  1.646017125440166e031   6174462156.47787        57212011096.1939       1.373910439632836e032   26000.2163246250       3.257955657318234e-003 
         477   2.107139738824636e028  1.648124265178991e031   6002623509.71892        57372219557.5089       1.374651617076913e032   25859.8527693959       3.188660135492682e-003 
         478   2.107139738824186e028  1.650231404917815e031   5832478702.96545        57535054198.4901       1.375387757810091e032   25717.8142060621       3.119618864730000e-003 
         479   1.897300096783879e028  1.652128705014599e031   5672423965.74084        57683999985.9949       1.376046225577851e032   25581.2887045840       3.054283093661070e-003 
         480   1.897300096784104e028  1.654026005111383e031   5522144221.49383        57835230547.2657       1.376700569949485e032   25450.4106327687       2.992519643157721e-003 
         481   1.897300096783879e028  1.655923305208167e031   5373259377.06935        57988824394.5466       1.377350787905215e032   25318.0565764414       2.930992981418967e-003 
         482   1.897300096783653e028  1.657820605304951e031   5225776689.40577        58144861823.2048       1.377996835926837e032   25184.1889897704       2.869729185476899e-003 
         483   1.897300096783879e028  1.659717905401735e031   5079703603.31370        58303482749.0558       1.378638752485520e032   25048.6676894591       2.807753626257181e-003 
         484   1.897300096783879e028  1.661615205498519e031   4935048310.16822        58464828482.6910       1.379276295247339e032   24911.2513202604       2.745229285210371e-003 
         485   1.897300096783428e028  1.663512505595302e031   4791819699.02938        58628996018.5759       1.379909347015874e032   24771.7888976970       2.683056751266122e-003 
         486   1.897300096783879e028  1.665409805692086e031   4650026864.74218        58796088805.5268       1.380537792180459e032   24630.2169194095       2.621239051222801e-003 
         487   1.704947091579720e028  1.667114752783666e031   4516793530.10380        58948826825.8357       1.381098600406628e032   24493.8472161573       2.562887500971556e-003 
         488   1.704947091579945e028  1.668819699875245e031   4391848855.78204        59104099994.9969       1.381655711102089e032   24362.8777221516       2.507905010133982e-003 
         489   1.530080723212609e028  1.670349780598458e031   4274432385.43552        59245681980.1921       1.382152538769847e032   24236.9653303441       2.455961657688022e-003 
         490   1.530080723213060e028  1.671879861321671e031   4164319797.52464        59389448711.4507       1.382646369449109e032   24116.2869172160       2.407018793746829e-003 
         491   1.538824041630796e028  1.673418685363302e031   4054857812.27496        59536313171.5159       1.383139976735588e032   23993.7227369684       2.358143683522940e-003 
         492   1.538824041631246e028  1.674957509404933e031   3946063086.46191        59685547408.0887       1.383630805495292e032   23869.2400048665       2.309185685589910e-003 
         493   1.538824041630796e028  1.676496333446564e031   3838253334.86592        59837249011.7544       1.384118939500265e032   23743.1778617772       2.260200446471572e-003 
         494   1.538824041631021e028  1.678035157488195e031   3731434678.90403        59991502775.5437       1.384604307144156e032   23615.5150118279       2.211471088230610e-003 
         495   1.530080723212609e028  1.679565238211408e031   3625914013.52656        60147496888.6576       1.385084079826774e032   23486.5791158290       2.163158031180501e-003 
         496   1.530080723213060e028  1.681095318934621e031   3521686350.17820        60306195971.4692       1.385561406899194e032   23356.3462709759       2.115192124620080e-003 
         497   1.538824041631246e028  1.682634142976252e031   3418162591.95846        60468638119.2851       1.386039031810727e032   23224.0718339400       2.067223656922579e-003 
         498   1.538824041631246e028  1.684172967017883e031   3315360980.19939        60634032253.9664       1.386514189784923e032   23089.7408623757       2.019349718466401e-003
         499   1.538824041630796e028  1.685711791059514e031   3213583459.55667        60802494083.4734       1.386986860999391e032   22953.6921562605       1.971691148355603e-003
         500   1.538824041631697e028  1.687250615101146e031   3112837247.86028        60974145908.7612       1.387457014558989e032   22815.8907766816       1.924255164340138e-003
         501   1.381444310100284e028  1.688632059411246e031   3018228461.29099        61131068464.9560       1.387876924381234e032   22683.5199008562       1.879442366771400e-003
         502   1.381444310100509e028  1.690013503721346e031   2929561366.32512        61290769146.6284       1.388294776329382e032   22556.7396340663       1.837210729718208e-003
         503   1.241551215407271e028  1.691255054936754e031   2846189512.77707        61436756773.1926       1.388668377983874e032   22435.0246366770       1.797276199795306e-003
         504   1.241551215406821e028  1.692496606152161e031   2767954233.82998        61585249868.0904       1.389040985038003e032   22318.4144598673       1.758502330631018e-003
         505   2.483102430813867e028  1.694979708582974e031   2651643743.26596        61890299724.8901       1.389784019937137e032   22140.1868666250       1.699461718089879e-003
         506   1.250294533824782e028  1.696230003116799e031   2537174095.12044        62048186073.5549       1.390156911295813e032   21958.6202701632       1.640988513827324e-003
         507   1.250294533825233e028  1.697480297650624e031   2461224978.31989        62209090572.1202       1.390528915680803e032   21834.5627198701       1.601956202648580e-003
         508   2.483102430812966e028  1.699963400081437e031   2348918316.02267        62538073644.4658       1.391264947579296e032   21645.4505350906       1.543864258565009e-003
         509   1.241551215407722e028  1.701204951296845e031   2239053284.38300        62707544946.8514       1.391631785335474e032   21453.4607726194       1.486597931943834e-003
         510   1.241551215407271e028  1.702446502512252e031   2166545589.46500        62880534727.9229       1.391997787148412e032   21322.7224213158       1.448429888114333e-003
         511   2.238289515099687e028  1.704684792027352e031   2065972925.50285        63201776658.2130       1.392655221533060e032   21135.6608185873       1.395163708366454e-003
         512   2.238289515099913e028  1.706923081542452e031   1939036807.23552        63535945993.9562       1.393309175545207e032   20889.2605721196       1.327355508692563e-003
         513   2.238289515099462e028  1.709161371057551e031   1814587001.52558        63884169560.4228       1.393959080728001e032   20635.3999993991       1.260176650248468e-003
         514   2.028449873059831e028  1.711189820930611e031   1698383774.44895        64212974308.9458       1.394544067592082e032   20386.0957302318       1.196731580421329e-003
         515   2.010963236221656e028  1.713200784166833e031   1590479827.63890        64552460455.0166       1.395116766685860e032   20142.7308378486       1.137185841798782e-003
         516   2.010963236222106e028  1.715211747403055e031   1485161680.95715        64906745520.5175       1.395681128396763e032   19892.2684700618       1.078039640560746e-003
         517   1.818610231018848e028  1.717030357634074e031   1386936953.83387        65241318724.4419       1.396185834883213e032   19644.6323246408       1.021459349431098e-003
         518   1.818610231018848e028  1.718848967865093e031   1295447993.15948        65590576796.5504       1.396684331313655e032   19399.5903428994       9.683120297268033e-004
         519   1.801123594181799e028  1.720650091459275e031   1206228331.55493        65952280011.4160       1.397170986141276e032   19145.3194965865       9.160221088677645e-004
         520   1.643743862651738e028  1.722293835321926e031   1123079176.38704        66297390057.8563       1.397608853745859e032   18892.7696016084       8.668357040733099e-004
         521   1.626257225813788e028  1.723920092547740e031   1045707601.79850        66654248504.3963       1.398035259337627e032   18642.3891925588       8.206448401324451e-004
         522   1.626257225814914e028  1.725546349773555e031   970313557.715681        67027924216.2220       1.398454210932200e032   18382.1808981712       7.751686498522758e-004
         523   1.468877494284852e028  1.727015227267840e031   900088011.695210        67381316361.1333       1.398826085040775e032   18123.3400045030       7.323512108996511e-004
         524   1.468877494283501e028  1.728484104762123e031   834765061.161790        67751265472.8956       1.399191052520237e032   17866.3907477839       6.921055028215051e-004
         525   1.468877494284177e028  1.729952982256408e031   770802869.747587        68140370587.2175       1.399552718401833e032   17596.5880098005       6.507012876681983e-004
         526   1.328984399591389e028  1.731281966655999e031   711215443.629759        68511138352.2770       1.399876004279603e032   17324.8856661508       6.109960377216339e-004
         527   1.328984399590038e028  1.732610951055589e031   655780326.747737        68901795415.2593       1.400195014469625e032   17050.5770017430       5.734799196943641e-004
         528   1.311497762753890e028  1.733922448818343e031   601906955.144102        69309032014.4591       1.400504404057922e032   16759.8707496251       5.366433761082590e-004
         529   5.945456524481750e027  1.734516994470791e031   563895443.380630        69501464039.9929       1.400642522383592e032   16537.7222043732       5.104031879454851e-004
         530   5.945456524484002e027  1.735111540123239e031   540435337.457840        69699140951.4925       1.400779165125143e032   16392.4079000842       4.940784419886768e-004
         531   1.084171483876534e028  1.736195711607116e031   507678102.299589        70074024624.3610       1.401023959647612e032   16177.2728278473       4.711977671831846e-004
         532   5.333424235197427e027  1.736729054030636e031   476765862.414283        70265781296.9764       1.401141972967703e032   15959.3856299816       4.495138709899038e-004
         533   5.333424235206434e027  1.737262396454156e031   456595918.292397        70462741897.4257       1.401258641091674e032   15808.4413189364       4.352216492407024e-004
         534   5.333424235197427e027  1.737795738877676e031   436644424.927271        70665313659.2295       1.401373989780830e032   15651.7323265019       4.207756719551980e-004
         535   5.333424235197427e027  1.738329081301196e031   416914669.221405        70873827139.1525       1.401487929948169e032   15489.0501419756       4.064136301167309e-004
         536   5.333424235199679e027  1.738862423724716e031   397410089.374134        71088646103.7064       1.401600970272889e032   15319.9665795363       3.921351453755051e-004
         537   5.333424235197427e027  1.739395766148236e031   378134290.150592        71310196178.9050       1.401712793197841e032   15144.2581383078       3.778951941058040e-004
         538   2.005064582112234e027  1.739596272606447e031   365033106.377955        71395320715.3177       1.401754460729574e032   15019.6417735221       3.681649395730346e-004
         539   2.005179217956865e027  1.739796790528242e031   357907000.556421        71481488656.8663       1.401795935432595e032   14949.9464742603       3.628560225479305e-004
         540   2.005600953490523e027  1.739997350623591e031   350813427.451045        71568739418.2601       1.401837211648629e032   14879.1530613733       3.575593000277877e-004
         541   2.006966815449926e027  1.740198047305136e031   343750422.441940        71657142713.9070       1.401878293615799e032   14807.2166231599       3.522723563946784e-004
         542   2.010743406379153e027  1.740399121645774e031   336712388.494497        71746837171.3359       1.401919218196819e032   14734.0422726360       3.469912335276604e-004
         543   2.018296823945147e027  1.740600951328169e031   329688923.302346        71838030456.6579       1.401960045391852e032   14659.4677676199       3.417080151848495e-004
         544   2.027415569944011e027  1.740803692885163e031   322671323.907925        71930838780.8508       1.402000785665851e032   14583.3365465846       3.364158619660884e-004
         545   2.027920777077382e027  1.741006484962871e031   315672449.519590        72024909095.6451       1.402041250177326e032   14505.7212186620       3.311230975668877e-004
         546   2.002660689794596e027  1.741206751031851e031   308751762.085102        72119056939.8930       1.402080928355464e032   14427.2380632224       3.258775104768574e-004
         547   1.975993224995517e027  1.741404350354350e031   301955057.911969        72213201492.1125       1.402119815219705e032   14348.4011139626       3.207105910405517e-004
         548   1.976767708916538e027  1.741602027125242e031   295236968.273131        72308659830.7919       1.402158452701643e032   14268.6776285917       3.155912854708731e-004
         549   1.998145152197813e027  1.741801841640461e031   288516070.302591        72406484913.8211       1.402197212860606e032   14187.0420319807       3.104553616140038e-004
         550   2.004663755377488e027  1.742002308015999e031   281783734.607423        72506027832.4280       1.402235808868283e032   14103.3009626325       3.052598622161895e-004
         551   6.661375655694928e028  1.748663683671694e031   166993483.387042        87542104809.4471       1.402235808868283e032   12161.1609923647       2.126588369719684e-004
