//    J      dM         M		         P		      R		    L			 T		  RHO  
1  1.77e26 1.765101e26 1.000e12 7.48e08 2.24135e27 1.025e05 1.008e-01 
2  2.78e26 4.545302e26 9.997e11 1.02e09 5.77094e27 1.024e05 1.008e-01 
3  1.30e28 1.341785e28 9.852e11 3.18e09 1.69526e29 1.019e05 9.991e-02 
4  1.07e27 1.449048e28 9.803e11 3.26e09 1.83053e29 1.018e05 9.962e-02 
5  1.08e28 2.524371e28 9.762e11 3.92e09 3.18468e29 1.016e05 9.938e-02 
6  1.35e28 3.879236e28 9.694e11 4.53e09 4.88674e29 1.014e05 9.897e-02 
7  2.34e27 4.113382e28 9.655e11 4.62e09 5.18048e29 1.012e05 9.874e-02 
8  1.34e28 5.450760e28 9.618e11 5.08e09 6.85605e29 1.011e05 9.852e-02 
9  1.41e28 6.863680e28 9.558e11 5.49e09 8.62248e29 1.008e05 9.816e-02 
10  5.19e27 7.382508e28 9.519e11 5.63e09 9.27022e29 1.007e05 9.793e-02 
11  5.45e27 7.927392e28 9.498e11 5.76e09 9.94998e29 1.006e05 9.781e-02 
12  1.17e28 9.100046e28 9.466e11 6.04e09 1.14112e30 1.005e05 9.761e-02 
13  6.31e27 9.730789e28 9.433e11 6.18e09 1.21962e30 1.004e05 9.741e-02 
14  6.62e27 1.039301e29 9.410e11 6.32e09 1.30197e30 1.003e05 9.727e-02 
15  1.43e28 1.181834e29 9.374e11 6.60e09 1.47899e30 1.001e05 9.705e-02 
16  7.67e27 1.258496e29 9.337e11 6.74e09 1.57409e30 9.999e04 9.683e-02 
17  8.05e27 1.338987e29 9.312e11 6.88e09 1.67383e30 9.990e04 9.668e-02 
18  1.73e28 1.512262e29 9.272e11 7.17e09 1.88820e30 9.974e04 9.643e-02 
19  1.91e28 1.703268e29 9.216e11 7.47e09 2.12398e30 9.952e04 9.609e-02 
20  1.03e28 1.806020e29 9.174e11 7.62e09 2.25060e30 9.936e04 9.583e-02 
21  1.08e28 1.913912e29 9.144e11 7.77e09 2.38339e30 9.924e04 9.564e-02 
22  1.13e28 2.027051e29 9.113e11 7.92e09 2.52246e30 9.912e04 9.546e-02 
23  1.19e28 2.146135e29 9.081e11 8.08e09 2.66865e30 9.900e04 9.526e-02 
24  1.25e28 2.270990e29 9.048e11 8.23e09 2.82172e30 9.887e04 9.506e-02 
25  1.31e28 2.401964e29 9.015e11 8.39e09 2.98207e30 9.874e04 9.485e-02 
26  1.38e28 2.539759e29 8.980e11 8.55e09 3.15053e30 9.860e04 9.464e-02 
27  1.44e28 2.684199e29 8.945e11 8.72e09 3.32685e30 9.846e04 9.442e-02 
28  1.52e28 2.835983e29 8.908e11 8.88e09 3.51186e30 9.831e04 9.420e-02 
29  1.59e28 2.995461e29 8.871e11 9.05e09 3.70594e30 9.816e04 9.396e-02 
30  1.67e28 3.162808e29 8.832e11 9.22e09 3.90927e30 9.801e04 9.372e-02 
31  1.76e28 3.338549e29 8.792e11 9.39e09 4.12245e30 9.785e04 9.347e-02 
32  1.84e28 3.523033e29 8.751e11 9.57e09 4.34585e30 9.769e04 9.322e-02 
33  1.94e28 3.716610e29 8.709e11 9.75e09 4.57985e30 9.752e04 9.296e-02 
34  2.04e28 3.920154e29 8.665e11 9.93e09 4.82546e30 9.734e04 9.268e-02 
35  2.14e28 4.133666e29 8.621e11 1.01e10 5.08261e30 9.716e04 9.240e-02 
36  2.24e28 4.357845e29 8.575e11 1.03e10 5.35209e30 9.698e04 9.212e-02 
37  2.36e28 4.593390e29 8.527e11 1.05e10 5.63467e30 9.678e04 9.182e-02 
38  2.47e28 4.840651e29 8.479e11 1.07e10 5.93071e30 9.659e04 9.151e-02 
39  2.60e28 5.100152e29 8.429e11 1.09e10 6.24075e30 9.638e04 9.120e-02 
40  2.73e28 5.372769e29 8.377e11 1.11e10 6.56575e30 9.617e04 9.087e-02 
41  1.43e28 5.515897e29 8.338e11 1.12e10 6.73610e30 9.601e04 9.062e-02 
42  1.43e28 5.659025e29 8.311e11 1.13e10 6.90626e30 9.590e04 9.045e-02 
43  1.50e28 5.809236e29 8.283e11 1.14e10 7.08463e30 9.578e04 9.028e-02 
44  1.50e28 5.959446e29 8.256e11 1.15e10 7.26279e30 9.567e04 9.010e-02 
45  1.58e28 6.117263e29 8.228e11 1.16e10 7.44975e30 9.555e04 8.992e-02 
46  1.58e28 6.275080e29 8.199e11 1.17e10 7.63649e30 9.543e04 8.974e-02 
47  1.66e28 6.440766e29 8.170e11 1.18e10 7.83229e30 9.531e04 8.956e-02 
48  1.66e28 6.606451e29 8.141e11 1.19e10 8.02786e30 9.519e04 8.937e-02 
49  1.74e28 6.780356e29 8.111e11 1.20e10 8.23286e30 9.507e04 8.918e-02 
50  1.74e28 6.954261e29 8.081e11 1.21e10 8.43760e30 9.494e04 8.899e-02 
51  1.83e28 7.136909e29 8.051e11 1.22e10 8.65236e30 9.481e04 8.879e-02 
52  1.83e28 7.319556e29 8.020e11 1.23e10 8.86684e30 9.468e04 8.859e-02 
53  1.92e28 7.511297e29 7.988e11 1.24e10 9.09169e30 9.455e04 8.839e-02 
54  1.92e28 7.703038e29 7.956e11 1.26e10 9.31624e30 9.441e04 8.818e-02 
55  2.01e28 7.904397e29 7.924e11 1.27e10 9.55173e30 9.428e04 8.798e-02 
56  2.01e28 8.105756e29 7.891e11 1.28e10 9.78689e30 9.414e04 8.776e-02 
57  2.11e28 8.317169e29 7.858e11 1.29e10 1.00334e31 9.399e04 8.755e-02 
58  2.11e28 8.528583e29 7.824e11 1.30e10 1.02796e31 9.385e04 8.733e-02 
59  2.22e28 8.750663e29 7.790e11 1.31e10 1.05379e31 9.370e04 8.711e-02 
60  2.22e28 8.972743e29 7.755e11 1.32e10 1.07957e31 9.356e04 8.688e-02 
61  2.33e28 9.205840e29 7.720e11 1.34e10 1.10660e31 9.340e04 8.666e-02 
62  2.33e28 9.438937e29 7.685e11 1.35e10 1.13358e31 9.325e04 8.642e-02 
63  2.45e28 9.683662e29 7.648e11 1.36e10 1.16186e31 9.309e04 8.619e-02 
64  2.45e28 9.928388e29 7.612e11 1.37e10 1.19011e31 9.293e04 8.595e-02 
65  2.57e28 1.018535e30 7.575e11 1.39e10 1.21971e31 9.277e04 8.570e-02 
66  2.57e28 1.044232e30 7.537e11 1.40e10 1.24927e31 9.261e04 8.546e-02 
67  2.70e28 1.071214e30 7.499e11 1.41e10 1.28025e31 9.244e04 8.521e-02 
68  2.70e28 1.098196e30 7.460e11 1.42e10 1.31118e31 9.227e04 8.495e-02 
69  1.42e28 1.112364e30 7.431e11 1.43e10 1.32741e31 9.214e04 8.476e-02 
70  1.42e28 1.126533e30 7.411e11 1.44e10 1.34361e31 9.205e04 8.463e-02 
71  2.83e28 1.154870e30 7.381e11 1.45e10 1.37599e31 9.192e04 8.443e-02 
72  1.49e28 1.169747e30 7.351e11 1.46e10 1.39296e31 9.179e04 8.423e-02 
73  1.49e28 1.184623e30 7.330e11 1.46e10 1.40992e31 9.170e04 8.410e-02 
74  1.49e28 1.199500e30 7.310e11 1.47e10 1.42686e31 9.160e04 8.396e-02 
75  1.49e28 1.214377e30 7.290e11 1.48e10 1.44379e31 9.151e04 8.383e-02 
76  1.56e28 1.229993e30 7.269e11 1.48e10 1.46155e31 9.142e04 8.369e-02 
77  1.56e28 1.245608e30 7.248e11 1.49e10 1.47928e31 9.133e04 8.355e-02 
78  1.56e28 1.261224e30 7.227e11 1.50e10 1.49700e31 9.123e04 8.341e-02 
79  1.56e28 1.276839e30 7.206e11 1.50e10 1.51471e31 9.114e04 8.327e-02 
80  1.64e28 1.293242e30 7.185e11 1.51e10 1.53329e31 9.104e04 8.313e-02 
81  1.64e28 1.309644e30 7.163e11 1.52e10 1.55185e31 9.095e04 8.298e-02 
82  1.64e28 1.326047e30 7.142e11 1.52e10 1.57039e31 9.085e04 8.284e-02 
83  1.64e28 1.342449e30 7.120e11 1.53e10 1.58892e31 9.075e04 8.270e-02 
84  1.72e28 1.359669e30 7.098e11 1.54e10 1.60836e31 9.065e04 8.255e-02 
85  1.72e28 1.376889e30 7.076e11 1.54e10 1.62778e31 9.055e04 8.240e-02 
86  1.72e28 1.394109e30 7.054e11 1.55e10 1.64718e31 9.045e04 8.225e-02 
87  1.72e28 1.411329e30 7.032e11 1.56e10 1.66655e31 9.035e04 8.210e-02 
88  1.81e28 1.429410e30 7.009e11 1.57e10 1.68688e31 9.025e04 8.195e-02 
89  1.81e28 1.447491e30 6.986e11 1.57e10 1.70718e31 9.014e04 8.179e-02 
90  1.81e28 1.465573e30 6.964e11 1.58e10 1.72746e31 9.004e04 8.164e-02 
91  1.81e28 1.483654e30 6.941e11 1.59e10 1.74772e31 8.993e04 8.148e-02 
92  1.90e28 1.502635e30 6.918e11 1.59e10 1.76896e31 8.983e04 8.132e-02 
93  1.90e28 1.521617e30 6.895e11 1.60e10 1.79018e31 8.972e04 8.116e-02 
94  1.90e28 1.540599e30 6.871e11 1.61e10 1.81137e31 8.961e04 8.100e-02 
95  1.90e28 1.559581e30 6.848e11 1.62e10 1.83254e31 8.950e04 8.084e-02 
96  1.99e28 1.579515e30 6.824e11 1.62e10 1.85474e31 8.939e04 8.068e-02 
97  1.99e28 1.599450e30 6.800e11 1.63e10 1.87692e31 8.928e04 8.051e-02 
98  1.99e28 1.619385e30 6.776e11 1.64e10 1.89907e31 8.917e04 8.035e-02 
99  1.99e28 1.639320e30 6.753e11 1.65e10 1.92120e31 8.906e04 8.019e-02 
100  2.09e28 1.660251e30 6.728e11 1.65e10 1.94440e31 8.895e04 8.002e-02 
101  2.09e28 1.681183e30 6.704e11 1.66e10 1.96758e31 8.883e04 7.985e-02 
102  2.09e28 1.702114e30 6.679e11 1.67e10 1.99072e31 8.871e04 7.968e-02 
103  2.09e28 1.723046e30 6.655e11 1.68e10 2.01383e31 8.860e04 7.952e-02 
104  2.20e28 1.745013e30 6.630e11 1.68e10 2.03805e31 8.848e04 7.935e-02 
105  2.20e28 1.766981e30 6.604e11 1.69e10 2.06224e31 8.836e04 7.918e-02 
106  2.20e28 1.788949e30 6.579e11 1.70e10 2.08639e31 8.824e04 7.900e-02 
107  2.20e28 1.810916e30 6.554e11 1.71e10 2.11052e31 8.812e04 7.883e-02 
108  2.31e28 1.833998e30 6.529e11 1.71e10 2.13583e31 8.800e04 7.866e-02 
109  2.31e28 1.857081e30 6.503e11 1.72e10 2.16110e31 8.788e04 7.848e-02 
110  2.31e28 1.880163e30 6.477e11 1.73e10 2.18635e31 8.775e04 7.830e-02 
111  2.31e28 1.903246e30 6.451e11 1.74e10 2.21155e31 8.763e04 7.813e-02 
112  2.42e28 1.927465e30 6.425e11 1.75e10 2.23796e31 8.750e04 7.795e-02 
113  2.42e28 1.951684e30 6.398e11 1.75e10 2.26434e31 8.738e04 7.776e-02 
114  2.42e28 1.975903e30 6.372e11 1.76e10 2.29067e31 8.725e04 7.758e-02 
115  2.42e28 2.000122e30 6.345e11 1.77e10 2.31697e31 8.712e04 7.740e-02 
116  2.54e28 2.025565e30 6.319e11 1.78e10 2.34456e31 8.699e04 7.722e-02 
117  2.54e28 2.051008e30 6.291e11 1.79e10 2.37212e31 8.686e04 7.703e-02 
118  2.54e28 2.076451e30 6.264e11 1.80e10 2.39963e31 8.672e04 7.683e-02 
119  2.54e28 2.101894e30 6.237e11 1.80e10 2.42711e31 8.659e04 7.664e-02 
120  2.67e28 2.128605e30 6.210e11 1.81e10 2.45591e31 8.646e04 7.645e-02 
121  2.67e28 2.155315e30 6.182e11 1.82e10 2.48467e31 8.632e04 7.625e-02 
122  2.67e28 2.182026e30 6.154e11 1.83e10 2.51339e31 8.618e04 7.605e-02 
123  2.67e28 2.208737e30 6.126e11 1.84e10 2.54207e31 8.604e04 7.586e-02 
124  2.81e28 2.236803e30 6.098e11 1.85e10 2.57215e31 8.590e04 7.566e-02 
125  2.81e28 2.264869e30 6.069e11 1.85e10 2.60219e31 8.576e04 7.545e-02 
126  2.81e28 2.292935e30 6.041e11 1.86e10 2.63219e31 8.562e04 7.525e-02 
127  2.81e28 2.321001e30 6.012e11 1.87e10 2.66214e31 8.548e04 7.504e-02 
128  2.95e28 2.350466e30 5.983e11 1.88e10 2.69353e31 8.533e04 7.483e-02 
129  2.95e28 2.379931e30 5.954e11 1.89e10 2.72487e31 8.518e04 7.462e-02 
130  2.95e28 2.409396e30 5.925e11 1.90e10 2.75617e31 8.504e04 7.441e-02 
131  2.95e28 2.438861e30 5.896e11 1.91e10 2.78742e31 8.489e04 7.419e-02 
132  3.09e28 2.469769e30 5.866e11 1.92e10 2.82014e31 8.474e04 7.398e-02 
133  3.09e28 2.500677e30 5.836e11 1.92e10 2.85281e31 8.459e04 7.376e-02 
134  3.09e28 2.531584e30 5.806e11 1.93e10 2.88544e31 8.444e04 7.354e-02 
135  3.09e28 2.562492e30 5.776e11 1.94e10 2.91800e31 8.428e04 7.332e-02 
136  3.25e28 2.594973e30 5.746e11 1.95e10 2.95218e31 8.413e04 7.309e-02 
137  3.25e28 2.627455e30 5.715e11 1.96e10 2.98629e31 8.397e04 7.287e-02 
138  3.25e28 2.659936e30 5.685e11 1.97e10 3.02035e31 8.381e04 7.264e-02 
139  3.25e28 2.692417e30 5.654e11 1.98e10 3.05436e31 8.365e04 7.241e-02 
140  3.41e28 2.726516e30 5.623e11 1.99e10 3.09001e31 8.349e04 7.218e-02 
141  3.41e28 2.760615e30 5.592e11 2.00e10 3.12559e31 8.333e04 7.194e-02 
142  3.41e28 2.794714e30 5.560e11 2.01e10 3.16111e31 8.316e04 7.170e-02 
143  3.41e28 2.828813e30 5.529e11 2.02e10 3.19657e31 8.300e04 7.146e-02 
144  3.41e28 2.862912e30 5.498e11 2.03e10 3.23196e31 8.284e04 7.123e-02 
145  3.41e28 2.897011e30 5.468e11 2.04e10 3.26730e31 8.268e04 7.099e-02 
146  3.41e28 2.931110e30 5.437e11 2.05e10 3.30258e31 8.251e04 7.075e-02 
147  3.41e28 2.965209e30 5.407e11 2.05e10 3.33780e31 8.235e04 7.052e-02 
148  3.41e28 2.999264e30 5.377e11 2.06e10 3.37291e31 8.219e04 7.029e-02 
149  3.41e28 3.033319e30 5.347e11 2.07e10 3.40797e31 8.203e04 7.005e-02 
150  3.41e28 3.067375e30 5.317e11 2.08e10 3.44297e31 8.187e04 6.982e-02 
151  3.41e28 3.101430e30 5.288e11 2.09e10 3.47792e31 8.171e04 6.959e-02 
152  3.58e28 3.137234e30 5.258e11 2.10e10 3.51460e31 8.155e04 6.936e-02 
153  3.58e28 3.173038e30 5.227e11 2.11e10 3.55122e31 8.139e04 6.912e-02 
154  3.58e28 3.208842e30 5.196e11 2.12e10 3.58778e31 8.122e04 6.888e-02 
155  3.58e28 3.244645e30 5.166e11 2.13e10 3.62429e31 8.106e04 6.864e-02 
156  3.58e28 3.280449e30 5.136e11 2.14e10 3.66073e31 8.089e04 6.840e-02 
157  3.58e28 3.316253e30 5.106e11 2.15e10 3.69712e31 8.073e04 6.816e-02 
158  3.58e28 3.352057e30 5.077e11 2.16e10 3.73346e31 8.056e04 6.792e-02 
159  3.58e28 3.387861e30 5.047e11 2.16e10 3.76974e31 8.040e04 6.769e-02 
160  3.76e28 3.425457e30 5.017e11 2.17e10 3.80777e31 8.023e04 6.744e-02 
161  3.76e28 3.463054e30 4.986e11 2.18e10 3.84575e31 8.006e04 6.720e-02 
162  3.76e28 3.500650e30 4.956e11 2.19e10 3.88366e31 7.989e04 6.695e-02 
163  3.76e28 3.538246e30 4.926e11 2.20e10 3.92152e31 7.972e04 6.671e-02 
164  3.76e28 3.575842e30 4.895e11 2.21e10 3.95933e31 7.955e04 6.646e-02 
165  3.76e28 3.613439e30 4.866e11 2.22e10 3.99708e31 7.938e04 6.622e-02 
166  3.76e28 3.651035e30 4.836e11 2.23e10 4.03474e31 7.922e04 6.598e-02 
167  3.76e28 3.688631e30 4.806e11 2.24e10 4.07233e31 7.905e04 6.574e-02 
168  3.76e28 3.726227e30 4.777e11 2.25e10 4.10983e31 7.888e04 6.551e-02 
169  3.76e28 3.763824e30 4.748e11 2.26e10 4.14726e31 7.871e04 6.527e-02 
170  3.76e28 3.801420e30 4.719e11 2.27e10 4.18461e31 7.855e04 6.504e-02 
171  3.76e28 3.839016e30 4.690e11 2.27e10 4.22187e31 7.838e04 6.481e-02 
172  3.76e28 3.876569e30 4.662e11 2.28e10 4.25902e31 7.822e04 6.458e-02 
173  3.76e28 3.914121e30 4.633e11 2.29e10 4.29609e31 7.805e04 6.435e-02 
174  3.76e28 3.951674e30 4.605e11 2.30e10 4.33308e31 7.789e04 6.412e-02 
175  3.76e28 3.989226e30 4.577e11 2.31e10 4.36999e31 7.772e04 6.389e-02 
176  3.95e28 4.028703e30 4.548e11 2.32e10 4.40872e31 7.755e04 6.366e-02 
177  3.95e28 4.068179e30 4.519e11 2.33e10 4.44736e31 7.738e04 6.342e-02 
178  3.95e28 4.107655e30 4.490e11 2.34e10 4.48592e31 7.721e04 6.318e-02 
179  3.95e28 4.147131e30 4.461e11 2.35e10 4.52439e31 7.704e04 6.294e-02 
180  3.95e28 4.186607e30 4.432e11 2.36e10 4.56278e31 7.687e04 6.271e-02 
181  3.95e28 4.226083e30 4.404e11 2.36e10 4.60109e31 7.670e04 6.247e-02 
182  3.95e28 4.265559e30 4.376e11 2.37e10 4.63931e31 7.653e04 6.224e-02 
183  3.95e28 4.305035e30 4.347e11 2.38e10 4.67745e31 7.636e04 6.200e-02 
184  3.95e28 4.344511e30 4.319e11 2.39e10 4.71550e31 7.619e04 6.177e-02 
185  3.95e28 4.383987e30 4.292e11 2.40e10 4.75347e31 7.602e04 6.153e-02 
186  3.95e28 4.423463e30 4.264e11 2.41e10 4.79135e31 7.585e04 6.130e-02 
187  3.95e28 4.462939e30 4.236e11 2.42e10 4.82915e31 7.569e04 6.107e-02 
188  3.95e28 4.502416e30 4.209e11 2.43e10 4.86686e31 7.552e04 6.084e-02 
189  3.95e28 4.541892e30 4.182e11 2.44e10 4.90449e31 7.535e04 6.061e-02 
190  3.95e28 4.581368e30 4.155e11 2.44e10 4.94203e31 7.519e04 6.038e-02 
191  3.95e28 4.620844e30 4.128e11 2.45e10 4.97949e31 7.502e04 6.015e-02 
192  4.14e28 4.662287e30 4.100e11 2.46e10 5.01873e31 7.485e04 5.992e-02 
193  4.14e28 4.703730e30 4.073e11 2.47e10 5.05787e31 7.467e04 5.968e-02 
194  4.14e28 4.745174e30 4.045e11 2.48e10 5.09692e31 7.450e04 5.944e-02 
195  4.14e28 4.786617e30 4.017e11 2.49e10 5.13588e31 7.433e04 5.920e-02 
196  4.14e28 4.828060e30 3.990e11 2.50e10 5.17473e31 7.415e04 5.896e-02 
197  4.14e28 4.869504e30 3.962e11 2.51e10 5.21348e31 7.398e04 5.873e-02 
198  4.14e28 4.910947e30 3.935e11 2.52e10 5.25213e31 7.381e04 5.849e-02 
199  4.14e28 4.952390e30 3.908e11 2.53e10 5.29066e31 7.363e04 5.826e-02 
200  4.14e28 4.993834e30 3.882e11 2.53e10 5.32909e31 7.346e04 5.802e-02 
201  4.14e28 5.035277e30 3.855e11 2.54e10 5.36742e31 7.329e04 5.779e-02 
202  4.14e28 5.076720e30 3.828e11 2.55e10 5.40564e31 7.312e04 5.756e-02 
203  4.14e28 5.118164e30 3.802e11 2.56e10 5.44377e31 7.295e04 5.733e-02 
204  4.14e28 5.159607e30 3.776e11 2.57e10 5.48180e31 7.278e04 5.710e-02 
205  4.14e28 5.201050e30 3.750e11 2.58e10 5.51973e31 7.261e04 5.687e-02 
206  4.14e28 5.242494e30 3.724e11 2.59e10 5.55757e31 7.244e04 5.664e-02 
207  4.14e28 5.283937e30 3.698e11 2.60e10 5.59532e31 7.227e04 5.641e-02 
208  4.14e28 5.325380e30 3.673e11 2.60e10 5.63298e31 7.210e04 5.618e-02 
209  4.14e28 5.366824e30 3.647e11 2.61e10 5.67054e31 7.193e04 5.595e-02 
210  4.14e28 5.408267e30 3.622e11 2.62e10 5.70802e31 7.176e04 5.572e-02 
211  4.14e28 5.449689e30 3.597e11 2.63e10 5.74540e31 7.159e04 5.549e-02 
212  4.14e28 5.491110e30 3.572e11 2.64e10 5.78269e31 7.142e04 5.527e-02 
213  4.14e28 5.532510e30 3.547e11 2.65e10 5.81989e31 7.125e04 5.504e-02 
214  4.14e28 5.573909e30 3.522e11 2.66e10 5.85699e31 7.108e04 5.481e-02 
215  4.14e28 5.615331e30 3.497e11 2.66e10 5.89403e31 7.091e04 5.458e-02 
216  4.14e28 5.656752e30 3.473e11 2.67e10 5.93098e31 7.074e04 5.435e-02 
217  4.14e28 5.698195e30 3.448e11 2.68e10 5.96785e31 7.058e04 5.412e-02 
218  4.14e28 5.739639e30 3.424e11 2.69e10 6.00462e31 7.041e04 5.389e-02 
219  4.14e28 5.781082e30 3.400e11 2.70e10 6.04129e31 7.024e04 5.366e-02 
220  4.14e28 5.822525e30 3.376e11 2.71e10 6.07786e31 7.007e04 5.344e-02 
221  4.14e28 5.863969e30 3.352e11 2.72e10 6.11434e31 6.991e04 5.321e-02 
222  4.14e28 5.905412e30 3.328e11 2.72e10 6.15073e31 6.974e04 5.298e-02 
223  4.14e28 5.946855e30 3.305e11 2.73e10 6.18702e31 6.957e04 5.276e-02 
224  4.14e28 5.988299e30 3.281e11 2.74e10 6.22322e31 6.941e04 5.253e-02 
225  4.14e28 6.029742e30 3.258e11 2.75e10 6.25933e31 6.924e04 5.230e-02 
226  4.14e28 6.071185e30 3.235e11 2.76e10 6.29535e31 6.908e04 5.208e-02 
227  4.14e28 6.112629e30 3.212e11 2.77e10 6.33127e31 6.891e04 5.185e-02 
228  4.14e28 6.154072e30 3.189e11 2.77e10 6.36712e31 6.874e04 5.163e-02 
229  4.14e28 6.195515e30 3.166e11 2.78e10 6.40287e31 6.858e04 5.141e-02 
230  4.14e28 6.236959e30 3.143e11 2.79e10 6.43854e31 6.841e04 5.118e-02 
231  4.14e28 6.278402e30 3.120e11 2.80e10 6.47412e31 6.825e04 5.096e-02 
232  4.14e28 6.319845e30 3.098e11 2.81e10 6.50962e31 6.808e04 5.074e-02 
233  4.14e28 6.361289e30 3.075e11 2.82e10 6.54504e31 6.792e04 5.052e-02 
234  4.14e28 6.402732e30 3.053e11 2.82e10 6.58038e31 6.776e04 5.029e-02 
235  4.14e28 6.444175e30 3.031e11 2.83e10 6.61563e31 6.759e04 5.007e-02 
236  4.14e28 6.485619e30 3.009e11 2.84e10 6.65081e31 6.743e04 4.985e-02 
237  4.14e28 6.527062e30 2.987e11 2.85e10 6.68590e31 6.726e04 4.963e-02 
238  4.14e28 6.568505e30 2.965e11 2.86e10 6.72092e31 6.710e04 4.941e-02 
239  4.14e28 6.609949e30 2.943e11 2.86e10 6.75586e31 6.694e04 4.919e-02 
240  4.14e28 6.651392e30 2.922e11 2.87e10 6.79073e31 6.677e04 4.897e-02 
241  4.14e28 6.692835e30 2.900e11 2.88e10 6.82552e31 6.661e04 4.876e-02 
242  4.14e28 6.734279e30 2.879e11 2.89e10 6.86024e31 6.645e04 4.854e-02 
243  4.14e28 6.775722e30 2.858e11 2.90e10 6.89488e31 6.628e04 4.832e-02 
244  4.14e28 6.817165e30 2.837e11 2.91e10 6.92946e31 6.612e04 4.810e-02 
245  4.14e28 6.858609e30 2.816e11 2.91e10 6.96396e31 6.596e04 4.788e-02 
246  4.14e28 6.900052e30 2.795e11 2.92e10 6.99840e31 6.580e04 4.767e-02 
247  4.14e28 6.941495e30 2.774e11 2.93e10 7.03276e31 6.564e04 4.745e-02 
248  4.14e28 6.982939e30 2.753e11 2.94e10 7.06705e31 6.547e04 4.724e-02 
249  4.14e28 7.024382e30 2.732e11 2.95e10 7.10127e31 6.531e04 4.702e-02 
250  4.14e28 7.065825e30 2.712e11 2.95e10 7.13543e31 6.515e04 4.681e-02 
251  4.14e28 7.107269e30 2.692e11 2.96e10 7.16952e31 6.499e04 4.659e-02 
252  4.14e28 7.148712e30 2.671e11 2.97e10 7.20354e31 6.483e04 4.638e-02 
253  4.14e28 7.190155e30 2.651e11 2.98e10 7.23751e31 6.467e04 4.616e-02 
254  4.14e28 7.231599e30 2.631e11 2.99e10 7.27141e31 6.450e04 4.595e-02 
255  4.14e28 7.273042e30 2.611e11 2.99e10 7.30525e31 6.434e04 4.573e-02 
256  4.14e28 7.314485e30 2.591e11 3.00e10 7.33903e31 6.418e04 4.552e-02 
257  4.14e28 7.355929e30 2.571e11 3.01e10 7.37275e31 6.402e04 4.531e-02 
258  4.14e28 7.397372e30 2.551e11 3.02e10 7.40642e31 6.386e04 4.510e-02 
259  4.14e28 7.438815e30 2.532e11 3.03e10 7.44003e31 6.370e04 4.488e-02 
260  4.14e28 7.480259e30 2.512e11 3.03e10 7.47358e31 6.354e04 4.467e-02 
261  4.14e28 7.521702e30 2.493e11 3.04e10 7.50705e31 6.338e04 4.446e-02 
262  4.14e28 7.563145e30 2.474e11 3.05e10 7.54044e31 6.322e04 4.424e-02 
263  4.14e28 7.604589e30 2.454e11 3.06e10 7.57374e31 6.306e04 4.403e-02 
264  4.14e28 7.646032e30 2.435e11 3.07e10 7.60693e31 6.290e04 4.383e-02 
265  4.14e28 7.687475e30 2.416e11 3.07e10 7.64002e31 6.274e04 4.362e-02 
266  4.14e28 7.728919e30 2.397e11 3.08e10 7.67299e31 6.258e04 4.341e-02 
267  4.14e28 7.770362e30 2.379e11 3.09e10 7.70587e31 6.242e04 4.321e-02 
268  4.14e28 7.811805e30 2.360e11 3.10e10 7.73863e31 6.226e04 4.300e-02 
269  4.14e28 7.853249e30 2.341e11 3.11e10 7.77130e31 6.211e04 4.280e-02 
270  4.14e28 7.894692e30 2.323e11 3.11e10 7.80387e31 6.195e04 4.259e-02 
271  4.14e28 7.936135e30 2.304e11 3.12e10 7.83634e31 6.179e04 4.239e-02 
272  4.14e28 7.977579e30 2.286e11 3.13e10 7.86871e31 6.163e04 4.218e-02 
273  4.14e28 8.019022e30 2.268e11 3.14e10 7.90099e31 6.147e04 4.198e-02 
274  4.14e28 8.060465e30 2.249e11 3.15e10 7.93317e31 6.131e04 4.177e-02 
275  4.14e28 8.101909e30 2.231e11 3.15e10 7.96526e31 6.115e04 4.157e-02 
276  4.14e28 8.143352e30 2.213e11 3.16e10 7.99726e31 6.099e04 4.136e-02 
277  4.14e28 8.184795e30 2.195e11 3.17e10 8.02916e31 6.084e04 4.116e-02 
278  4.14e28 8.226239e30 2.178e11 3.18e10 8.06096e31 6.068e04 4.095e-02 
279  4.14e28 8.267682e30 2.160e11 3.19e10 8.09268e31 6.052e04 4.075e-02 
280  4.14e28 8.309125e30 2.142e11 3.19e10 8.12430e31 6.036e04 4.054e-02 
281  4.14e28 8.350569e30 2.125e11 3.20e10 8.15584e31 6.020e04 4.034e-02 
282  4.14e28 8.392012e30 2.107e11 3.21e10 8.18729e31 6.005e04 4.014e-02 
283  4.14e28 8.433455e30 2.090e11 3.22e10 8.21864e31 5.989e04 3.993e-02 
284  4.14e28 8.474899e30 2.073e11 3.23e10 8.24991e31 5.973e04 3.973e-02 
285  4.14e28 8.516342e30 2.055e11 3.23e10 8.28110e31 5.957e04 3.952e-02 
286  4.14e28 8.557785e30 2.038e11 3.24e10 8.31220e31 5.941e04 3.932e-02 
287  4.14e28 8.599229e30 2.021e11 3.25e10 8.34321e31 5.926e04 3.911e-02 
288  4.14e28 8.640672e30 2.004e11 3.26e10 8.37415e31 5.910e04 3.891e-02 
289  4.14e28 8.682115e30 1.987e11 3.27e10 8.40500e31 5.894e04 3.871e-02 
290  4.14e28 8.723559e30 1.971e11 3.27e10 8.43577e31 5.879e04 3.850e-02 
291  4.14e28 8.765002e30 1.954e11 3.28e10 8.46645e31 5.863e04 3.830e-02 
292  4.14e28 8.806445e30 1.937e11 3.29e10 8.49706e31 5.847e04 3.809e-02 
293  4.14e28 8.847889e30 1.921e11 3.30e10 8.52759e31 5.831e04 3.789e-02 
294  4.14e28 8.889332e30 1.904e11 3.31e10 8.55805e31 5.816e04 3.769e-02 
295  4.14e28 8.930775e30 1.888e11 3.31e10 8.58842e31 5.800e04 3.748e-02 
296  4.14e28 8.972218e30 1.872e11 3.32e10 8.61872e31 5.784e04 3.728e-02 
297  4.14e28 9.013662e30 1.856e11 3.33e10 8.64895e31 5.769e04 3.708e-02 
298  4.14e28 9.055105e30 1.840e11 3.34e10 8.67910e31 5.753e04 3.687e-02 
299  4.14e28 9.096548e30 1.823e11 3.35e10 8.70918e31 5.737e04 3.667e-02 
300  4.14e28 9.137948e30 1.808e11 3.35e10 8.73916e31 5.721e04 3.647e-02 
301  4.14e28 9.179348e30 1.792e11 3.36e10 8.76906e31 5.706e04 3.626e-02 
302  4.14e28 9.220747e30 1.776e11 3.37e10 8.79890e31 5.690e04 3.606e-02 
303  4.14e28 9.262147e30 1.760e11 3.38e10 8.82866e31 5.674e04 3.586e-02 
304  4.14e28 9.303590e30 1.745e11 3.39e10 8.85838e31 5.659e04 3.566e-02 
305  4.14e28 9.345034e30 1.729e11 3.40e10 8.88802e31 5.643e04 3.546e-02 
306  4.14e28 9.386477e30 1.714e11 3.40e10 8.91759e31 5.627e04 3.525e-02 
307  4.14e28 9.427920e30 1.698e11 3.41e10 8.94708e31 5.612e04 3.505e-02 
308  4.14e28 9.469364e30 1.683e11 3.42e10 8.97646e31 5.596e04 3.485e-02 
309  4.14e28 9.510807e30 1.668e11 3.43e10 9.00575e31 5.580e04 3.465e-02 
310  4.14e28 9.552250e30 1.653e11 3.44e10 9.03494e31 5.565e04 3.446e-02 
311  4.14e28 9.593694e30 1.637e11 3.44e10 9.06404e31 5.549e04 3.426e-02 
312  4.14e28 9.635137e30 1.622e11 3.45e10 9.09305e31 5.533e04 3.406e-02 
313  4.14e28 9.676580e30 1.608e11 3.46e10 9.12197e31 5.518e04 3.386e-02 
314  4.14e28 9.718024e30 1.593e11 3.47e10 9.15080e31 5.502e04 3.366e-02 
315  4.14e28 9.759467e30 1.578e11 3.48e10 9.17954e31 5.486e04 3.347e-02 
316  4.14e28 9.800910e30 1.563e11 3.48e10 9.20819e31 5.471e04 3.327e-02 
317  4.14e28 9.842354e30 1.549e11 3.49e10 9.23674e31 5.455e04 3.307e-02 
318  4.14e28 9.883797e30 1.534e11 3.50e10 9.26521e31 5.439e04 3.287e-02 
319  4.14e28 9.925240e30 1.520e11 3.51e10 9.29359e31 5.424e04 3.268e-02 
320  4.14e28 9.966684e30 1.505e11 3.52e10 9.32188e31 5.408e04 3.248e-02 
321  4.14e28 1.000813e31 1.491e11 3.53e10 9.35008e31 5.393e04 3.228e-02 
322  4.14e28 1.004957e31 1.477e11 3.53e10 9.37819e31 5.377e04 3.208e-02 
323  4.14e28 1.009101e31 1.462e11 3.54e10 9.40621e31 5.361e04 3.189e-02 
324  4.14e28 1.013246e31 1.448e11 3.55e10 9.43415e31 5.346e04 3.169e-02 
325  4.14e28 1.017390e31 1.434e11 3.56e10 9.46200e31 5.330e04 3.149e-02 
326  4.14e28 1.021534e31 1.420e11 3.57e10 9.48976e31 5.314e04 3.130e-02 
327  4.14e28 1.025679e31 1.406e11 3.58e10 9.51744e31 5.299e04 3.110e-02 
328  4.14e28 1.029823e31 1.393e11 3.58e10 9.54503e31 5.283e04 3.090e-02 
329  4.14e28 1.033967e31 1.379e11 3.59e10 9.57253e31 5.267e04 3.071e-02 
330  4.14e28 1.038112e31 1.365e11 3.60e10 9.59994e31 5.252e04 3.051e-02 
331  4.14e28 1.042256e31 1.352e11 3.61e10 9.62727e31 5.236e04 3.031e-02 
332  4.14e28 1.046400e31 1.338e11 3.62e10 9.65451e31 5.221e04 3.012e-02 
333  4.14e28 1.050545e31 1.325e11 3.63e10 9.68167e31 5.205e04 2.992e-02 
334  4.14e28 1.054689e31 1.311e11 3.63e10 9.70874e31 5.189e04 2.973e-02 
335  4.14e28 1.058833e31 1.298e11 3.64e10 9.73573e31 5.174e04 2.953e-02 
336  4.14e28 1.062978e31 1.285e11 3.65e10 9.76264e31 5.158e04 2.933e-02 
337  4.14e28 1.067122e31 1.272e11 3.66e10 9.78947e31 5.142e04 2.914e-02 
338  4.14e28 1.071266e31 1.259e11 3.67e10 9.81622e31 5.127e04 2.894e-02 
339  4.14e28 1.075411e31 1.246e11 3.68e10 9.84289e31 5.111e04 2.875e-02 
340  4.14e28 1.079555e31 1.233e11 3.69e10 9.86948e31 5.096e04 2.855e-02 
341  4.14e28 1.083699e31 1.220e11 3.69e10 9.89600e31 5.080e04 2.835e-02 
342  4.14e28 1.087844e31 1.207e11 3.70e10 9.92243e31 5.064e04 2.816e-02 
343  4.14e28 1.091988e31 1.194e11 3.71e10 9.94879e31 5.049e04 2.796e-02 
344  4.14e28 1.096132e31 1.182e11 3.72e10 9.97508e31 5.033e04 2.777e-02 
345  4.14e28 1.100277e31 1.169e11 3.73e10 1.00013e32 5.017e04 2.757e-02 
346  4.14e28 1.104421e31 1.156e11 3.74e10 1.00274e32 5.002e04 2.737e-02 
347  4.14e28 1.108565e31 1.144e11 3.75e10 1.00535e32 4.986e04 2.718e-02 
348  4.14e28 1.112710e31 1.132e11 3.75e10 1.00794e32 4.970e04 2.698e-02 
349  4.14e28 1.116854e31 1.119e11 3.76e10 1.01053e32 4.955e04 2.679e-02 
350  4.14e28 1.120998e31 1.107e11 3.77e10 1.01311e32 4.939e04 2.659e-02 
351  4.14e28 1.125143e31 1.095e11 3.78e10 1.01569e32 4.924e04 2.640e-02 
352  3.73e28 1.128872e31 1.083e11 3.79e10 1.01799e32 4.909e04 2.621e-02 
353  3.73e28 1.132601e31 1.072e11 3.80e10 1.02030e32 4.895e04 2.604e-02 
354  3.73e28 1.136330e31 1.062e11 3.80e10 1.02259e32 4.881e04 2.586e-02 
355  3.73e28 1.140059e31 1.051e11 3.81e10 1.02488e32 4.866e04 2.569e-02 
356  3.73e28 1.143788e31 1.040e11 3.82e10 1.02716e32 4.852e04 2.552e-02 
357  7.46e28 1.151246e31 1.024e11 3.84e10 1.03171e32 4.831e04 2.525e-02 
358  3.73e28 1.154975e31 1.008e11 3.84e10 1.03398e32 4.810e04 2.499e-02 
359  3.73e28 1.158704e31 9.980e10 3.85e10 1.03623e32 4.796e04 2.482e-02 
360  7.46e28 1.166162e31 9.824e10 3.87e10 1.04073e32 4.775e04 2.456e-02 
361  3.73e28 1.169891e31 9.669e10 3.88e10 1.04296e32 4.754e04 2.430e-02 
362  3.73e28 1.173624e31 9.566e10 3.88e10 1.04520e32 4.739e04 2.413e-02 
363  7.47e28 1.181091e31 9.413e10 3.90e10 1.04965e32 4.718e04 2.387e-02 
364  3.73e28 1.184825e31 9.262e10 3.91e10 1.05186e32 4.697e04 2.361e-02 
365  3.73e28 1.188554e31 9.161e10 3.92e10 1.05407e32 4.683e04 2.344e-02 
366  7.46e28 1.196012e31 9.011e10 3.93e10 1.05846e32 4.661e04 2.318e-02 
367  7.46e28 1.203470e31 8.814e10 3.95e10 1.06283e32 4.633e04 2.283e-02 
368  3.73e28 1.207199e31 8.667e10 3.96e10 1.06501e32 4.612e04 2.258e-02 
369  7.46e28 1.214657e31 8.521e10 3.98e10 1.06934e32 4.590e04 2.232e-02 
370  6.71e28 1.221372e31 8.338e10 3.99e10 1.07322e32 4.563e04 2.199e-02 
371  6.71e28 1.228087e31 8.167e10 4.01e10 1.07708e32 4.538e04 2.169e-02 
372  6.71e28 1.234801e31 7.997e10 4.02e10 1.08092e32 4.512e04 2.138e-02 
373  6.71e28 1.241516e31 7.829e10 4.04e10 1.08474e32 4.486e04 2.107e-02 
374  3.35e28 1.244869e31 7.704e10 4.05e10 1.08664e32 4.467e04 2.084e-02 
375  3.35e28 1.248222e31 7.621e10 4.05e10 1.08853e32 4.454e04 2.069e-02 
376  6.71e28 1.254928e31 7.498e10 4.07e10 1.09230e32 4.435e04 2.046e-02 
377  6.71e28 1.261643e31 7.335e10 4.09e10 1.09605e32 4.409e04 2.015e-02 
378  6.71e28 1.268358e31 7.174e10 4.10e10 1.09978e32 4.383e04 1.984e-02 
379  6.71e28 1.275073e31 7.014e10 4.12e10 1.10348e32 4.357e04 1.954e-02 
380  6.71e28 1.281788e31 6.856e10 4.13e10 1.10716e32 4.331e04 1.923e-02 
381  6.71e28 1.288503e31 6.700e10 4.15e10 1.11082e32 4.305e04 1.893e-02 
382  6.71e28 1.295218e31 6.545e10 4.17e10 1.11445e32 4.279e04 1.863e-02 
383  6.04e28 1.301259e31 6.399e10 4.18e10 1.11771e32 4.254e04 1.834e-02 
384  6.04e28 1.307301e31 6.263e10 4.20e10 1.12094e32 4.230e04 1.807e-02 
385  6.04e28 1.313343e31 6.128e10 4.21e10 1.12416e32 4.207e04 1.779e-02 
386  6.04e28 1.319384e31 5.994e10 4.23e10 1.12736e32 4.183e04 1.752e-02 
387  6.04e28 1.325426e31 5.862e10 4.24e10 1.13055e32 4.159e04 1.725e-02 
388  6.04e28 1.331468e31 5.731e10 4.26e10 1.13371e32 4.135e04 1.699e-02 
389  6.04e28 1.337509e31 5.601e10 4.28e10 1.13686e32 4.111e04 1.672e-02 
390  6.04e28 1.343551e31 5.472e10 4.29e10 1.13999e32 4.088e04 1.645e-02 
391  6.04e28 1.349592e31 5.345e10 4.31e10 1.14311e32 4.064e04 1.618e-02 
392  6.04e28 1.355634e31 5.220e10 4.32e10 1.14621e32 4.039e04 1.591e-02 
393  5.44e28 1.361072e31 5.101e10 4.34e10 1.14899e32 4.017e04 1.566e-02 
394  5.44e28 1.366511e31 4.990e10 4.35e10 1.15176e32 3.995e04 1.542e-02 
395  5.44e28 1.371949e31 4.881e10 4.37e10 1.15451e32 3.973e04 1.518e-02 
396  5.44e28 1.377387e31 4.772e10 4.38e10 1.15725e32 3.951e04 1.494e-02 
397  5.44e28 1.382826e31 4.664e10 4.40e10 1.15997e32 3.929e04 1.470e-02 
398  5.44e28 1.388264e31 4.557e10 4.41e10 1.16268e32 3.907e04 1.446e-02 
399  5.44e28 1.393702e31 4.452e10 4.43e10 1.16537e32 3.885e04 1.422e-02 
400  5.44e28 1.399141e31 4.347e10 4.44e10 1.16805e32 3.863e04 1.398e-02 
401  5.44e28 1.404579e31 4.244e10 4.46e10 1.17072e32 3.841e04 1.374e-02 
402  5.44e28 1.410017e31 4.141e10 4.48e10 1.17337e32 3.818e04 1.351e-02 
403  4.90e28 1.414914e31 4.045e10 4.49e10 1.17575e32 3.797e04 1.328e-02 
404  4.90e28 1.419810e31 3.955e10 4.51e10 1.17812e32 3.777e04 1.307e-02 
405  4.90e28 1.424706e31 3.865e10 4.52e10 1.18047e32 3.757e04 1.286e-02 
406  4.90e28 1.429603e31 3.777e10 4.54e10 1.18282e32 3.736e04 1.264e-02 
407  4.89e28 1.434490e31 3.689e10 4.55e10 1.18514e32 3.716e04 1.243e-02 
408  4.89e28 1.439378e31 3.602e10 4.57e10 1.18746e32 3.695e04 1.222e-02 
409  4.90e28 1.444274e31 3.516e10 4.58e10 1.18977e32 3.675e04 1.201e-02 
410  4.90e28 1.449170e31 3.431e10 4.60e10 1.19207e32 3.654e04 1.180e-02 
411  4.90e28 1.454066e31 3.347e10 4.61e10 1.19436e32 3.633e04 1.159e-02 
412  4.90e28 1.458963e31 3.263e10 4.63e10 1.19664e32 3.613e04 1.139e-02 
413  4.41e28 1.463369e31 3.185e10 4.64e10 1.19868e32 3.593e04 1.119e-02 
414  4.41e28 1.467776e31 3.111e10 4.66e10 1.20072e32 3.574e04 1.100e-02 
415  4.40e28 1.472174e31 3.039e10 4.67e10 1.20274e32 3.555e04 1.082e-02 
416  4.40e28 1.476572e31 2.967e10 4.69e10 1.20475e32 3.536e04 1.063e-02 
417  4.41e28 1.480978e31 2.895e10 4.70e10 1.20676e32 3.517e04 1.044e-02 
418  4.41e28 1.485385e31 2.824e10 4.72e10 1.20876e32 3.498e04 1.026e-02 
419  4.41e28 1.489792e31 2.754e10 4.74e10 1.21075e32 3.478e04 1.007e-02 
420  4.41e28 1.494198e31 2.685e10 4.75e10 1.21272e32 3.459e04 9.890e-03 
421  3.96e28 1.498159e31 2.620e10 4.77e10 1.21449e32 3.441e04 9.715e-03 
422  3.96e28 1.502120e31 2.559e10 4.78e10 1.21625e32 3.423e04 9.550e-03 
423  3.97e28 1.506089e31 2.498e10 4.79e10 1.21801e32 3.405e04 9.386e-03 
424  3.97e28 1.510059e31 2.438e10 4.81e10 1.21975e32 3.388e04 9.221e-03 
425  3.96e28 1.514019e31 2.379e10 4.82e10 1.22149e32 3.370e04 9.058e-03 
426  3.96e28 1.517980e31 2.320e10 4.84e10 1.22321e32 3.352e04 8.895e-03 
427  3.97e28 1.521949e31 2.262e10 4.85e10 1.22494e32 3.334e04 8.732e-03 
428  3.97e28 1.525919e31 2.204e10 4.87e10 1.22665e32 3.316e04 8.570e-03 
429  3.57e28 1.529486e31 2.150e10 4.88e10 1.22818e32 3.298e04 8.416e-03 
430  3.57e28 1.533053e31 2.099e10 4.90e10 1.22970e32 3.282e04 8.271e-03 
431  3.57e28 1.536621e31 2.048e10 4.91e10 1.23122e32 3.265e04 8.127e-03 
432  3.57e28 1.540188e31 1.999e10 4.93e10 1.23272e32 3.249e04 7.982e-03 
433  3.57e28 1.543755e31 1.949e10 4.94e10 1.23423e32 3.232e04 7.838e-03 
434  3.57e28 1.547323e31 1.900e10 4.96e10 1.23572e32 3.215e04 7.695e-03 
435  3.57e28 1.550890e31 1.852e10 4.97e10 1.23721e32 3.198e04 7.551e-03 
436  1.78e28 1.552673e31 1.816e10 4.98e10 1.23795e32 3.185e04 7.444e-03 
437  1.78e28 1.554457e31 1.792e10 4.99e10 1.23869e32 3.177e04 7.373e-03 
438  3.21e28 1.557666e31 1.758e10 5.00e10 1.24001e32 3.165e04 7.273e-03 
439  3.21e28 1.560875e31 1.716e10 5.02e10 1.24133e32 3.149e04 7.142e-03 
440  3.21e28 1.564083e31 1.674e10 5.03e10 1.24264e32 3.134e04 7.011e-03 
441  3.21e28 1.567292e31 1.633e10 5.05e10 1.24394e32 3.118e04 6.880e-03 
442  3.22e28 1.570510e31 1.591e10 5.06e10 1.24523e32 3.102e04 6.750e-03 
443  3.22e28 1.573727e31 1.550e10 5.08e10 1.24652e32 3.086e04 6.619e-03 
444  1.60e28 1.575332e31 1.520e10 5.08e10 1.24716e32 3.074e04 6.521e-03 
445  1.60e28 1.576936e31 1.500e10 5.09e10 1.24780e32 3.065e04 6.456e-03 
446  3.21e28 1.580145e31 1.470e10 5.11e10 1.24906e32 3.053e04 6.358e-03 
447  1.44e28 1.581588e31 1.441e10 5.11e10 1.24963e32 3.041e04 6.265e-03 
448  4.33e28 1.585916e31 1.406e10 5.13e10 1.25132e32 3.026e04 6.149e-03 
449  1.45e28 1.587363e31 1.371e10 5.14e10 1.25188e32 3.011e04 6.033e-03 
450  1.45e28 1.588810e31 1.354e10 5.15e10 1.25244e32 3.003e04 5.976e-03 
451  4.34e28 1.593146e31 1.319e10 5.17e10 1.25410e32 2.988e04 5.860e-03 
452  1.44e28 1.594589e31 1.285e10 5.18e10 1.25465e32 2.972e04 5.746e-03 
453  2.89e28 1.597474e31 1.259e10 5.19e10 1.25575e32 2.961e04 5.661e-03 
454  1.45e28 1.598921e31 1.234e10 5.20e10 1.25629e32 2.949e04 5.575e-03 
455  2.89e28 1.601815e31 1.209e10 5.22e10 1.25738e32 2.937e04 5.490e-03 
456  1.45e28 1.603262e31 1.184e10 5.23e10 1.25792e32 2.925e04 5.405e-03 
457  2.60e28 1.605859e31 1.161e10 5.24e10 1.25888e32 2.913e04 5.326e-03 
458  2.60e28 1.608456e31 1.131e10 5.25e10 1.25984e32 2.899e04 5.225e-03 
459  2.61e28 1.611061e31 1.102e10 5.27e10 1.26079e32 2.884e04 5.124e-03 
460  1.30e28 1.612364e31 1.081e10 5.28e10 1.26127e32 2.873e04 5.048e-03 
461  1.30e28 1.613667e31 1.066e10 5.28e10 1.26174e32 2.865e04 4.998e-03 
462  2.60e28 1.616264e31 1.045e10 5.30e10 1.26268e32 2.854e04 4.922e-03 
463  1.30e28 1.617562e31 1.024e10 5.31e10 1.26314e32 2.842e04 4.847e-03 
464  1.30e28 1.618860e31 1.010e10 5.31e10 1.26361e32 2.835e04 4.797e-03 
465  2.34e28 1.621204e31 9.899e09 5.33e10 1.26444e32 2.824e04 4.727e-03 
466  2.34e28 1.623547e31 9.648e09 5.34e10 1.26527e32 2.810e04 4.636e-03 
467  2.34e28 1.625890e31 9.400e09 5.36e10 1.26609e32 2.796e04 4.545e-03 
468  2.34e28 1.628233e31 9.154e09 5.37e10 1.26691e32 2.781e04 4.454e-03 
469  2.34e28 1.630576e31 8.911e09 5.38e10 1.26772e32 2.767e04 4.364e-03 
470  2.34e28 1.632920e31 8.670e09 5.40e10 1.26852e32 2.752e04 4.273e-03 
471  2.33e28 1.635254e31 8.431e09 5.42e10 1.26932e32 2.737e04 4.183e-03 
472  2.33e28 1.637589e31 8.196e09 5.43e10 1.27011e32 2.722e04 4.093e-03 
473  2.11e28 1.639696e31 7.974e09 5.44e10 1.27082e32 2.708e04 4.009e-03 
474  2.11e28 1.641803e31 7.765e09 5.46e10 1.27152e32 2.694e04 3.929e-03 
475  2.11e28 1.643910e31 7.558e09 5.47e10 1.27222e32 2.680e04 3.849e-03 
476  2.11e28 1.646017e31 7.353e09 5.49e10 1.27292e32 2.666e04 3.769e-03 
477  2.11e28 1.648124e31 7.151e09 5.50e10 1.27361e32 2.651e04 3.690e-03 
478  2.11e28 1.650231e31 6.950e09 5.52e10 1.27429e32 2.637e04 3.611e-03 
479  1.90e28 1.652129e31 6.761e09 5.53e10 1.27491e32 2.623e04 3.536e-03 
480  1.90e28 1.654026e31 6.583e09 5.55e10 1.27551e32 2.609e04 3.466e-03 
481  1.90e28 1.655923e31 6.407e09 5.56e10 1.27612e32 2.596e04 3.396e-03 
482  1.90e28 1.657821e31 6.233e09 5.58e10 1.27672e32 2.582e04 3.325e-03 
483  1.90e28 1.659718e31 6.060e09 5.59e10 1.27731e32 2.568e04 3.255e-03 
484  1.90e28 1.661615e31 5.889e09 5.61e10 1.27790e32 2.554e04 3.185e-03 
485  1.90e28 1.663513e31 5.720e09 5.62e10 1.27849e32 2.540e04 3.115e-03 
486  1.90e28 1.665410e31 5.552e09 5.64e10 1.27908e32 2.526e04 3.045e-03 
487  1.70e28 1.667115e31 5.394e09 5.65e10 1.27959e32 2.512e04 2.979e-03 
488  1.70e28 1.668820e31 5.246e09 5.67e10 1.28011e32 2.499e04 2.915e-03 
489  1.53e28 1.670350e31 5.107e09 5.68e10 1.28057e32 2.486e04 2.855e-03 
490  1.53e28 1.671880e31 4.977e09 5.69e10 1.28103e32 2.474e04 2.798e-03 
491  1.54e28 1.673419e31 4.847e09 5.71e10 1.28148e32 2.461e04 2.741e-03 
492  1.54e28 1.674958e31 4.718e09 5.72e10 1.28194e32 2.448e04 2.685e-03 
493  1.54e28 1.676496e31 4.590e09 5.73e10 1.28239e32 2.436e04 2.628e-03 
494  1.54e28 1.678035e31 4.464e09 5.75e10 1.28283e32 2.423e04 2.572e-03 
495  1.53e28 1.679565e31 4.339e09 5.76e10 1.28328e32 2.409e04 2.516e-03 
496  1.53e28 1.681095e31 4.215e09 5.78e10 1.28371e32 2.396e04 2.461e-03 
497  1.54e28 1.682634e31 4.092e09 5.79e10 1.28415e32 2.382e04 2.406e-03 
498  1.54e28 1.684173e31 3.970e09 5.81e10 1.28459e32 2.369e04 2.350e-03 
499  1.54e28 1.685712e31 3.849e09 5.82e10 1.28502e32 2.355e04 2.295e-03 
500  1.54e28 1.687251e31 3.730e09 5.84e10 1.28545e32 2.341e04 2.240e-03 
501  1.38e28 1.688632e31 3.617e09 5.86e10 1.28584e32 2.327e04 2.188e-03 
502  1.38e28 1.690014e31 3.512e09 5.87e10 1.28622e32 2.314e04 2.139e-03 
503  1.24e28 1.691255e31 3.413e09 5.88e10 1.28656e32 2.301e04 2.092e-03 
504  1.24e28 1.692497e31 3.320e09 5.90e10 1.28690e32 2.289e04 2.049e-03 
505  2.48e28 1.694980e31 3.182e09 5.93e10 1.28758e32 2.271e04 1.983e-03 
506  1.25e28 1.696230e31 3.046e09 5.94e10 1.28791e32 2.252e04 1.918e-03 
507  1.25e28 1.697480e31 2.955e09 5.96e10 1.28825e32 2.239e04 1.875e-03 
508  2.48e28 1.699963e31 2.822e09 5.99e10 1.28891e32 2.220e04 1.807e-03 
509  1.24e28 1.701205e31 2.691e09 6.00e10 1.28924e32 2.200e04 1.741e-03 
510  1.24e28 1.702447e31 2.605e09 6.02e10 1.28957e32 2.187e04 1.696e-03 
511  2.24e28 1.704685e31 2.485e09 6.05e10 1.29016e32 2.167e04 1.634e-03 
512  2.24e28 1.706923e31 2.334e09 6.08e10 1.29075e32 2.142e04 1.555e-03 
513  2.24e28 1.709161e31 2.185e09 6.11e10 1.29133e32 2.116e04 1.477e-03 
514  2.03e28 1.711190e31 2.047e09 6.14e10 1.29186e32 2.090e04 1.403e-03 
515  2.01e28 1.713201e31 1.918e09 6.17e10 1.29238e32 2.065e04 1.333e-03 
516  2.01e28 1.715212e31 1.792e09 6.21e10 1.29289e32 2.039e04 1.265e-03 
517  1.82e28 1.717030e31 1.675e09 6.24e10 1.29335e32 2.014e04 1.200e-03 
518  1.82e28 1.718849e31 1.565e09 6.27e10 1.29381e32 1.989e04 1.138e-03 
519  1.80e28 1.720650e31 1.458e09 6.31e10 1.29425e32 1.963e04 1.077e-03 
520  1.64e28 1.722294e31 1.359e09 6.34e10 1.29465e32 1.938e04 1.019e-03 
521  1.63e28 1.723920e31 1.266e09 6.37e10 1.29505e32 1.912e04 9.645e-04 
522  1.63e28 1.725546e31 1.176e09 6.41e10 1.29543e32 1.886e04 9.109e-04 
523  1.47e28 1.727015e31 1.092e09 6.44e10 1.29577e32 1.860e04 8.605e-04 
524  1.47e28 1.728484e31 1.013e09 6.47e10 1.29611e32 1.834e04 8.131e-04 
525  1.47e28 1.729953e31 9.364e08 6.51e10 1.29644e32 1.807e04 7.661e-04 
526  1.33e28 1.731282e31 8.649e08 6.54e10 1.29673e32 1.779e04 7.218e-04 
527  1.33e28 1.732611e31 7.982e08 6.58e10 1.29701e32 1.752e04 6.780e-04 
528  1.31e28 1.733922e31 7.334e08 6.62e10 1.29729e32 1.723e04 6.347e-04 
529  5.95e27 1.734517e31 6.877e08 6.64e10 1.29742e32 1.701e04 6.037e-04 
530  5.95e27 1.735112e31 6.594e08 6.65e10 1.29754e32 1.687e04 5.844e-04 
531  1.08e28 1.736196e31 6.200e08 6.69e10 1.29776e32 1.666e04 5.573e-04 
532  5.33e27 1.736729e31 5.828e08 6.71e10 1.29787e32 1.644e04 5.315e-04 
533  5.33e27 1.737262e31 5.584e08 6.72e10 1.29798e32 1.630e04 5.146e-04 
534  5.33e27 1.737796e31 5.344e08 6.74e10 1.29808e32 1.615e04 4.978e-04 
535  5.33e27 1.738329e31 5.106e08 6.76e10 1.29819e32 1.599e04 4.810e-04 
536  5.33e27 1.738862e31 4.871e08 6.78e10 1.29829e32 1.582e04 4.644e-04 
537  2.15e27 1.739078e31 4.707e08 6.79e10 1.29833e32 1.570e04 4.526e-04 
538  2.15e27 1.739293e31 4.614e08 6.80e10 1.29837e32 1.563e04 4.458e-04 
539  2.18e27 1.739510e31 4.520e08 6.81e10 1.29841e32 1.556e04 4.390e-04 
540  2.21e27 1.739731e31 4.426e08 6.82e10 1.29846e32 1.548e04 4.321e-04 
541  2.22e27 1.739954e31 4.331e08 6.83e10 1.29850e32 1.541e04 4.252e-04 
542  2.18e27 1.740171e31 4.238e08 6.83e10 1.29854e32 1.533e04 4.183e-04 
543  2.09e27 1.740380e31 4.147e08 6.84e10 1.29858e32 1.525e04 4.117e-04 
544  2.06e27 1.740586e31 4.060e08 6.85e10 1.29861e32 1.518e04 4.052e-04 
545  2.08e27 1.740794e31 3.973e08 6.86e10 1.29865e32 1.510e04 3.988e-04 
546  2.10e27 1.741004e31 3.886e08 6.87e10 1.29869e32 1.502e04 3.923e-04 
547  2.12e27 1.741216e31 3.798e08 6.88e10 1.29873e32 1.494e04 3.858e-04 
548  2.13e27 1.741429e31 3.711e08 6.89e10 1.29876e32 1.486e04 3.793e-04 
549  2.14e27 1.741643e31 3.623e08 6.90e10 1.29880e32 1.477e04 3.727e-04 
550  7.02e28 1.748664e31 2.146e08 8.33e10 1.29880e32 1.280e04 2.588e-04 
