// MODEL:     1  TIME:  1.0000D+11
//    J       dM         M         P        R            L         T         RHO   
    1  2.01e28 2.011800e28 5.447e12 5.23e09  8.92969e29 1.202e06 3.423e-02 
    2  3.17e28 5.180600e28 5.444e12 7.17e09  2.29903e30 1.202e06 3.421e-02 
    3  2.85e28 8.032400e28 5.440e12 8.30e09  3.56418e30 1.201e06 3.420e-02 
    4  2.57e28 1.059900e29 5.438e12 9.10e09  4.70277e30 1.201e06 3.419e-02 
    5  2.31e28 1.290900e29 5.436e12 9.72e09  5.72688e30 1.201e06 3.419e-02 
    6  2.08e28 1.498780e29 5.435e12 1.02e10  6.64895e30 1.201e06 3.418e-02 
    7  2.08e28 1.706680e29 5.433e12 1.07e10  7.57064e30 1.201e06 3.417e-02 
    8  2.08e28 1.914580e29 5.431e12 1.11e10  8.49233e30 1.201e06 3.417e-02 
    9  2.18e28 2.132800e29 5.430e12 1.15e10  9.46022e30 1.200e06 3.416e-02 
   10  2.29e28 2.362000e29 5.429e12 1.19e10  1.04758e31 1.200e06 3.416e-02 
   11  2.41e28 2.602800e29 5.427e12 1.23e10  1.15427e31 1.200e06 3.415e-02 
   12  2.53e28 2.855400e29 5.426e12 1.27e10  1.26626e31 1.200e06 3.415e-02 
   13  2.65e28 3.120800e29 5.424e12 1.31e10  1.38381e31 1.200e06 3.414e-02 
   14  2.79e28 3.399400e29 5.423e12 1.34e10  1.50724e31 1.200e06 3.413e-02 
   15  2.93e28 3.692000e29 5.421e12 1.38e10  1.63683e31 1.200e06 3.413e-02 
   16  3.07e28 3.999000e29 5.420e12 1.42e10  1.77289e31 1.200e06 3.412e-02 
   17  3.23e28 4.321600e29 5.418e12 1.46e10  1.91572e31 1.199e06 3.412e-02 
   18  3.39e28 4.660200e29 5.416e12 1.49e10  2.06568e31 1.199e06 3.411e-02 
   19  3.56e28 5.015800e29 5.414e12 1.53e10  2.22314e31 1.199e06 3.410e-02 
   20  3.73e28 5.389200e29 5.413e12 1.57e10  2.38842e31 1.199e06 3.410e-02 
   21  3.92e28 5.781200e29 5.411e12 1.60e10  2.56198e31 1.199e06 3.409e-02 
   22  4.12e28 6.192800e29 5.409e12 1.64e10  2.74416e31 1.199e06 3.408e-02 
   23  4.32e28 6.625000e29 5.407e12 1.68e10  2.93543e31 1.198e06 3.408e-02 
   24  4.54e28 7.078800e29 5.405e12 1.72e10  3.13621e31 1.198e06 3.407e-02 
   25  4.77e28 7.555400e29 5.403e12 1.75e10  3.34704e31 1.198e06 3.406e-02 
   26  5.00e28 8.055600e29 5.401e12 1.79e10  3.56833e31 1.198e06 3.405e-02 
   27  5.25e28 8.581000e29 5.399e12 1.83e10  3.80068e31 1.198e06 3.405e-02 
   28  5.52e28 9.132600e29 5.397e12 1.87e10  4.04481e31 1.198e06 3.404e-02 
   29  5.79e28 9.711800e29 5.395e12 1.91e10  4.30083e31 1.197e06 3.403e-02 
   30  6.08e28 1.032000e30 5.393e12 1.95e10  4.56956e31 1.197e06 3.402e-02 
   31  6.38e28 1.095840e30 5.390e12 1.99e10  4.85177e31 1.197e06 3.401e-02 
   32  1.01e29 1.196420e30 5.387e12 2.04e10  5.29606e31 1.197e06 3.400e-02 
   33  1.06e29 1.302020e30 5.384e12 2.10e10  5.76268e31 1.196e06 3.399e-02 
   34  1.11e29 1.412900e30 5.379e12 2.16e10  6.25240e31 1.196e06 3.397e-02 
   35  1.16e29 1.529340e30 5.376e12 2.22e10  6.76637e31 1.196e06 3.396e-02 
   36  1.22e29 1.651580e30 5.372e12 2.28e10  7.30614e31 1.195e06 3.394e-02 
   37  1.28e29 1.779940e30 5.368e12 2.34e10  7.87248e31 1.195e06 3.393e-02 
   38  1.35e29 1.914720e30 5.364e12 2.39e10  8.46692e31 1.195e06 3.391e-02 
   39  1.41e29 2.056200e30 5.359e12 2.45e10  9.09100e31 1.194e06 3.390e-02 
   40  1.49e29 2.204800e30 5.355e12 2.51e10  9.74589e31 1.194e06 3.388e-02 
   41  1.56e29 2.360800e30 5.350e12 2.57e10  1.04335e32 1.193e06 3.386e-02 
   42  1.64e29 2.524600e30 5.346e12 2.63e10  1.11550e32 1.193e06 3.385e-02 
   43  1.72e29 2.696600e30 5.341e12 2.68e10  1.19127e32 1.193e06 3.383e-02 
   44  1.81e29 2.877200e30 5.336e12 2.74e10  1.27077e32 1.192e06 3.381e-02 
   45  1.90e29 3.067000e30 5.331e12 2.80e10  1.35424e32 1.192e06 3.379e-02 
   46  1.99e29 3.266000e30 5.326e12 2.86e10  1.44182e32 1.191e06 3.377e-02 
   47  2.09e29 3.475200e30 5.321e12 2.92e10  1.53376e32 1.191e06 3.375e-02 
   48  2.19e29 3.694600e30 5.316e12 2.98e10  1.63024e32 1.190e06 3.373e-02 
   49  2.31e29 3.925200e30 5.310e12 3.04e10  1.73154e32 1.190e06 3.371e-02 
   50  2.42e29 4.167200e30 5.304e12 3.11e10  1.83784e32 1.189e06 3.369e-02 
   51  2.54e29 4.421400e30 5.299e12 3.17e10  1.94937e32 1.189e06 3.367e-02 
   52  2.67e29 4.688200e30 5.293e12 3.23e10  2.06645e32 1.188e06 3.365e-02 
   53  2.80e29 4.968400e30 5.286e12 3.29e10  2.18934e32 1.188e06 3.362e-02 
   54  2.94e29 5.262600e30 5.280e12 3.36e10  2.31832e32 1.187e06 3.360e-02 
   55  4.63e29 5.726000e30 5.272e12 3.45e10  2.52129e32 1.186e06 3.357e-02 
   56  4.87e29 6.212600e30 5.262e12 3.55e10  2.73427e32 1.185e06 3.353e-02 
   57  5.11e29 6.723400e30 5.252e12 3.65e10  2.95772e32 1.185e06 3.349e-02 
   58  5.36e29 7.259800e30 5.241e12 3.74e10  3.19215e32 1.184e06 3.345e-02 
   59  5.63e29 7.823000e30 5.230e12 3.84e10  3.43813e32 1.183e06 3.341e-02 
   60  5.91e29 8.414400e30 5.219e12 3.93e10  3.69615e32 1.182e06 3.337e-02 
   61  6.21e29 9.035400e30 5.208e12 4.03e10  3.96704e32 1.181e06 3.332e-02 
   62  6.52e29 9.687400e30 5.197e12 4.12e10  4.25078e32 1.180e06 3.328e-02 
   63  6.85e29 1.037200e31 5.185e12 4.22e10  4.54878e32 1.178e06 3.324e-02 
   64  7.19e29 1.109080e31 5.173e12 4.32e10  4.86139e32 1.177e06 3.319e-02 
   65  7.55e29 1.184560e31 5.161e12 4.41e10  5.18903e32 1.176e06 3.314e-02 
   66  7.93e29 1.263820e31 5.148e12 4.51e10  5.53322e32 1.175e06 3.309e-02 
   67  8.32e29 1.347020e31 5.135e12 4.61e10  5.89358e32 1.174e06 3.304e-02 
   68  8.74e29 1.434400e31 5.121e12 4.71e10  6.27203e32 1.173e06 3.299e-02 
   69  9.17e29 1.526140e31 5.108e12 4.81e10  6.66897e32 1.171e06 3.294e-02 
   70  9.63e29 1.622480e31 5.094e12 4.91e10  7.08516e32 1.170e06 3.289e-02 
   71  1.01e30 1.723620e31 5.079e12 5.01e10  7.52174e32 1.169e06 3.283e-02 
   72  1.06e30 1.829820e31 5.064e12 5.11e10  7.97951e32 1.167e06 3.277e-02 
   73  1.12e30 1.941340e31 5.048e12 5.22e10  8.45961e32 1.166e06 3.271e-02 
   74  1.17e30 2.058400e31 5.033e12 5.32e10  8.96318e32 1.165e06 3.265e-02 
   75  1.23e30 2.181400e31 5.017e12 5.43e10  9.49140e32 1.163e06 3.259e-02 
   76  1.29e30 2.310400e31 5.000e12 5.54e10  1.00450e33 1.161e06 3.253e-02 
   77  1.36e30 2.446000e31 4.983e12 5.64e10  1.06256e33 1.160e06 3.246e-02 
   78  1.42e30 2.588400e31 4.965e12 5.75e10  1.12343e33 1.158e06 3.239e-02 
   79  1.49e30 2.737800e31 4.947e12 5.87e10  1.18726e33 1.157e06 3.232e-02 
   80  1.57e30 2.894600e31 4.929e12 5.98e10  1.25418e33 1.155e06 3.225e-02 
   81  1.65e30 3.059400e31 4.910e12 6.09e10  1.32432e33 1.153e06 3.217e-02 
   82  1.73e30 3.232400e31 4.890e12 6.21e10  1.39786e33 1.151e06 3.210e-02 
   83  1.82e30 3.414000e31 4.869e12 6.33e10  1.47494e33 1.149e06 3.202e-02 
   84  1.91e30 3.604800e31 4.848e12 6.44e10  1.55575e33 1.147e06 3.194e-02 
   85  2.00e30 3.805000e31 4.827e12 6.57e10  1.64045e33 1.145e06 3.185e-02 
   86  2.10e30 4.015400e31 4.805e12 6.69e10  1.72919e33 1.143e06 3.176e-02 
   87  2.21e30 4.236200e31 4.782e12 6.81e10  1.82220e33 1.141e06 3.167e-02 
   88  2.32e30 4.468000e31 4.759e12 6.94e10  1.91973e33 1.139e06 3.158e-02 
   89  2.43e30 4.711400e31 4.735e12 7.07e10  2.02187e33 1.136e06 3.149e-02 
   90  2.56e30 4.967000e31 4.710e12 7.20e10  2.12890e33 1.134e06 3.139e-02 
   91  2.68e30 5.235400e31 4.684e12 7.33e10  2.24105e33 1.132e06 3.129e-02 
   92  2.82e30 5.517200e31 4.658e12 7.46e10  2.35851e33 1.129e06 3.118e-02 
   93  2.96e30 5.813000e31 4.631e12 7.60e10  2.48159e33 1.126e06 3.107e-02 
   94  3.11e30 6.123800e31 4.603e12 7.74e10  2.61049e33 1.124e06 3.096e-02 
   95  3.26e30 6.450000e31 4.575e12 7.88e10  2.74551e33 1.121e06 3.085e-02 
   96  3.42e30 6.792400e31 4.545e12 8.02e10  2.88692e33 1.118e06 3.073e-02 
   97  3.60e30 7.152200e31 4.515e12 8.17e10  3.03503e33 1.115e06 3.061e-02 
   98  3.78e30 7.529800e31 4.484e12 8.32e10  3.19007e33 1.112e06 3.048e-02 
   99  3.96e30 7.926200e31 4.452e12 8.47e10  3.35243e33 1.109e06 3.035e-02 
  100  4.16e30 8.342600e31 4.419e12 8.62e10  3.52236e33 1.105e06 3.022e-02 
  101  4.37e30 8.779800e31 4.385e12 8.78e10  3.70027e33 1.102e06 3.008e-02 
  102  4.59e30 9.238800e31 4.350e12 8.94e10  3.88657e33 1.099e06 2.994e-02 
  103  4.82e30 9.720800e31 4.314e12 9.10e10  4.08139e33 1.095e06 2.979e-02 
  104  5.06e30 1.022680e32 4.277e12 9.26e10  4.28505e33 1.091e06 2.964e-02 
  105  5.31e30 1.075820e32 4.239e12 9.43e10  4.49873e33 1.087e06 2.948e-02 
  106  5.58e30 1.131600e32 4.200e12 9.60e10  4.72164e33 1.083e06 2.932e-02 
  107  5.86e30 1.190180e32 4.160e12 9.77e10  4.95533e33 1.079e06 2.915e-02 
  108  6.15e30 1.251700e32 4.119e12 9.95e10  5.19942e33 1.075e06 2.898e-02 
  109  6.46e30 1.316280e32 4.077e12 1.01e11  5.45468e33 1.070e06 2.881e-02 
  110  6.78e30 1.384100e32 4.033e12 1.03e11  5.72148e33 1.066e06 2.862e-02 
  111  7.12e30 1.455320e32 3.988e12 1.05e11  6.00061e33 1.061e06 2.843e-02 
  112  7.48e30 1.530080e32 3.943e12 1.07e11  6.29206e33 1.056e06 2.824e-02 
  113  7.85e30 1.608580e32 3.896e12 1.09e11  6.59697e33 1.051e06 2.804e-02 
  114  8.24e30 1.691020e32 3.847e12 1.11e11  6.91537e33 1.046e06 2.783e-02 
  115  8.66e30 1.777580e32 3.797e12 1.13e11  7.24762e33 1.040e06 2.761e-02 
  116  9.09e30 1.868460e32 3.746e12 1.15e11  7.59489e33 1.035e06 2.739e-02 
  117  9.54e30 1.963880e32 3.694e12 1.17e11  7.95756e33 1.029e06 2.717e-02 
  118  1.00e31 2.064000e32 3.641e12 1.19e11  8.33602e33 1.023e06 2.693e-02 
  119  1.05e31 2.169200e32 3.586e12 1.22e11  8.73103e33 1.017e06 2.669e-02 
  120  1.11e31 2.279800e32 3.529e12 1.24e11  9.14336e33 1.010e06 2.644e-02 
  121  1.16e31 2.395800e32 3.471e12 1.26e11  9.57341e33 1.004e06 2.618e-02 
  122  1.22e31 2.517600e32 3.412e12 1.28e11  1.00216e34 9.968e05 2.591e-02 
  123  1.28e31 2.645400e32 3.351e12 1.31e11  1.04889e34 9.897e05 2.563e-02 
  124  1.34e31 2.779600e32 3.289e12 1.33e11  1.09760e34 9.823e05 2.535e-02 
  125  1.41e31 2.920600e32 3.225e12 1.36e11  1.14834e34 9.746e05 2.506e-02 
  126  1.48e31 3.068600e32 3.160e12 1.38e11  1.20120e34 9.667e05 2.475e-02 
  127  1.56e31 3.224200e32 3.094e12 1.41e11  1.25622e34 9.585e05 2.444e-02 
  128  1.55e31 3.379600e32 3.027e12 1.44e11  1.31077e34 9.502e05 2.413e-02 
  129  1.55e31 3.535000e32 2.962e12 1.46e11  1.36482e34 9.420e05 2.382e-02 
  130  1.63e31 3.698200e32 2.898e12 1.49e11  1.42111e34 9.337e05 2.351e-02 
  131  1.63e31 3.861400e32 2.833e12 1.51e11  1.47686e34 9.253e05 2.319e-02 
  132  1.71e31 4.032800e32 2.768e12 1.54e11  1.53488e34 9.168e05 2.288e-02 
  133  1.71e31 4.204200e32 2.703e12 1.57e11  1.59236e34 9.082e05 2.256e-02 
  134  1.71e31 4.375600e32 2.640e12 1.59e11  1.64930e34 8.996e05 2.224e-02 
  135  1.71e31 4.546800e32 2.579e12 1.62e11  1.70570e34 8.912e05 2.193e-02 
  136  1.80e31 4.726800e32 2.517e12 1.64e11  1.76434e34 8.826e05 2.162e-02 
  137  1.80e31 4.906800e32 2.455e12 1.67e11  1.82240e34 8.739e05 2.130e-02 
  138  1.80e31 5.086800e32 2.395e12 1.69e11  1.87992e34 8.652e05 2.099e-02 
  139  1.80e31 5.266600e32 2.336e12 1.72e11  1.93682e34 8.567e05 2.068e-02 
  140  1.89e31 5.455600e32 2.277e12 1.74e11  1.99599e34 8.480e05 2.037e-02 
  141  1.89e31 5.644600e32 2.218e12 1.77e11  2.05451e34 8.391e05 2.005e-02 
  142  1.89e31 5.833400e32 2.160e12 1.79e11  2.11246e34 8.303e05 1.974e-02 
  143  1.89e31 6.022400e32 2.104e12 1.81e11  2.16978e34 8.215e05 1.943e-02 
  144  1.89e31 6.211400e32 2.049e12 1.84e11  2.22649e34 8.129e05 1.913e-02 
  145  1.89e31 6.400200e32 1.995e12 1.86e11  2.28259e34 8.042e05 1.883e-02 
  146  1.89e31 6.589200e32 1.942e12 1.89e11  2.33811e34 7.956e05 1.853e-02 
  147  1.89e31 6.778200e32 1.890e12 1.91e11  2.39304e34 7.871e05 1.824e-02 
  148  1.89e31 6.967000e32 1.840e12 1.93e11  2.44737e34 7.786e05 1.794e-02 
  149  1.89e31 7.156000e32 1.790e12 1.96e11  2.50108e34 7.702e05 1.766e-02 
  150  1.89e31 7.345000e32 1.742e12 1.98e11  2.55424e34 7.617e05 1.737e-02 
  151  1.89e31 7.533800e32 1.694e12 2.00e11  2.60680e34 7.533e05 1.709e-02 
  152  1.89e31 7.722800e32 1.648e12 2.02e11  2.65877e34 7.450e05 1.681e-02 
  153  1.89e31 7.911800e32 1.602e12 2.05e11  2.71017e34 7.367e05 1.653e-02 
  154  1.89e31 8.100600e32 1.557e12 2.07e11  2.76099e34 7.284e05 1.625e-02 
  155  1.89e31 8.289600e32 1.513e12 2.09e11  2.81123e34 7.201e05 1.598e-02 
  156  1.89e31 8.478600e32 1.470e12 2.11e11  2.86090e34 7.118e05 1.570e-02 
  157  1.89e31 8.667400e32 1.428e12 2.14e11  2.90998e34 7.036e05 1.544e-02 
  158  1.89e31 8.856400e32 1.387e12 2.16e11  2.95849e34 6.954e05 1.517e-02 
  159  1.89e31 9.045400e32 1.346e12 2.18e11  3.00646e34 6.872e05 1.490e-02 
  160  1.89e31 9.234200e32 1.307e12 2.20e11  3.05382e34 6.790e05 1.464e-02 
  161  1.89e31 9.423200e32 1.268e12 2.22e11  3.10064e34 6.708e05 1.438e-02 
  162  1.89e31 9.612200e32 1.229e12 2.25e11  3.14684e34 6.626e05 1.412e-02 
  163  1.89e31 9.801000e32 1.192e12 2.27e11  3.19254e34 6.545e05 1.386e-02 
  164  1.89e31 9.990000e32 1.155e12 2.29e11  3.23762e34 6.463e05 1.361e-02 
  165  1.89e31 1.017900e33 1.119e12 2.31e11  3.28212e34 6.382e05 1.335e-02 
  166  1.89e31 1.036780e33 1.084e12 2.33e11  3.32609e34 6.300e05 1.310e-02 
  167  1.89e31 1.055680e33 1.049e12 2.36e11  3.36948e34 6.219e05 1.285e-02 
  168  1.89e31 1.074580e33 1.015e12 2.38e11  3.41229e34 6.137e05 1.260e-02 
  169  1.89e31 1.093460e33 9.814e11 2.40e11  3.45453e34 6.055e05 1.235e-02 
  170  1.89e31 1.112360e33 9.486e11 2.42e11  3.49622e34 5.974e05 1.211e-02 
  171  1.89e31 1.131260e33 9.164e11 2.44e11  3.53734e34 5.892e05 1.186e-02 
  172  1.89e31 1.150140e33 8.849e11 2.47e11  3.57788e34 5.810e05 1.162e-02 
  173  1.89e31 1.169040e33 8.540e11 2.49e11  3.61784e34 5.728e05 1.138e-02 
  174  1.89e31 1.187940e33 8.238e11 2.51e11  3.65723e34 5.646e05 1.114e-02 
  175  1.89e31 1.206820e33 7.940e11 2.53e11  3.69604e34 5.563e05 1.090e-02 
  176  1.89e31 1.225720e33 7.648e11 2.56e11  3.73427e34 5.481e05 1.066e-02 
  177  1.89e31 1.244620e33 7.363e11 2.58e11  3.77192e34 5.398e05 1.042e-02 
  178  1.89e31 1.263500e33 7.083e11 2.60e11  3.80904e34 5.315e05 1.018e-02 
  179  1.89e31 1.282400e33 6.808e11 2.62e11  3.84553e34 5.232e05 9.946e-03 
  180  1.70e31 1.299400e33 6.553e11 2.64e11  3.87772e34 5.152e05 9.722e-03 
  181  1.70e31 1.316420e33 6.315e11 2.67e11  3.90967e34 5.076e05 9.510e-03 
  182  1.70e31 1.333420e33 6.082e11 2.69e11  3.94125e34 5.001e05 9.300e-03 
  183  1.70e31 1.350420e33 5.853e11 2.71e11  3.97205e34 4.924e05 9.092e-03 
  184  1.70e31 1.367420e33 5.628e11 2.73e11  4.00246e34 4.848e05 8.884e-03 
  185  1.70e31 1.384420e33 5.407e11 2.75e11  4.03249e34 4.771e05 8.677e-03 
  186  1.53e31 1.399740e33 5.202e11 2.77e11  4.05905e34 4.697e05 8.480e-03 
  187  1.53e31 1.415040e33 5.010e11 2.79e11  4.08524e34 4.627e05 8.294e-03 
  188  1.53e31 1.430340e33 4.822e11 2.81e11  4.11103e34 4.557e05 8.109e-03 
  189  1.53e31 1.445640e33 4.637e11 2.83e11  4.13644e34 4.486e05 7.923e-03 
  190  1.53e31 1.460940e33 4.455e11 2.85e11  4.16108e34 4.415e05 7.738e-03 
  191  1.53e31 1.476240e33 4.277e11 2.87e11  4.18572e34 4.344e05 7.553e-03 
  192  1.38e31 1.490020e33 4.110e11 2.89e11  4.20766e34 4.275e05 7.378e-03 
  193  1.38e31 1.503800e33 3.955e11 2.91e11  4.22884e34 4.210e05 7.212e-03 
  194  1.38e31 1.517560e33 3.803e11 2.93e11  4.25001e34 4.144e05 7.046e-03 
  195  1.38e31 1.531340e33 3.653e11 2.95e11  4.27081e34 4.078e05 6.880e-03 
  196  1.38e31 1.545120e33 3.506e11 2.96e11  4.29121e34 4.012e05 6.714e-03 
  197  1.24e31 1.557520e33 3.368e11 2.98e11  4.30930e34 3.948e05 6.557e-03 
  198  1.24e31 1.569900e33 3.239e11 3.00e11  4.32702e34 3.887e05 6.409e-03 
  199  1.24e31 1.582300e33 3.113e11 3.02e11  4.34472e34 3.826e05 6.260e-03 
  200  1.24e31 1.594700e33 2.989e11 3.04e11  4.36167e34 3.764e05 6.111e-03 
  201  1.24e31 1.607100e33 2.867e11 3.06e11  4.37860e34 3.701e05 5.962e-03 
  202  1.12e31 1.618260e33 2.752e11 3.07e11  4.39362e34 3.642e05 5.820e-03 
  203  1.11e31 1.629400e33 2.646e11 3.09e11  4.40864e34 3.584e05 5.686e-03 
  204  1.12e31 1.640560e33 2.541e11 3.11e11  4.42288e34 3.527e05 5.551e-03 
  205  1.12e31 1.651720e33 2.437e11 3.12e11  4.43713e34 3.469e05 5.417e-03 
  206  1.12e31 1.662880e33 2.336e11 3.14e11  4.45137e34 3.410e05 5.283e-03 
  207  1.00e31 1.672920e33 2.240e11 3.16e11  4.46369e34 3.354e05 5.155e-03 
  208  1.00e31 1.682960e33 2.152e11 3.17e11  4.47601e34 3.300e05 5.034e-03 
  209  1.00e31 1.693000e33 2.064e11 3.19e11  4.48794e34 3.246e05 4.912e-03 
  210  1.00e31 1.703040e33 1.978e11 3.21e11  4.49988e34 3.191e05 4.790e-03 
  211  9.04e30 1.712080e33 1.897e11 3.22e11  4.51027e34 3.138e05 4.674e-03 
  212  9.04e30 1.721120e33 1.822e11 3.24e11  4.52067e34 3.088e05 4.564e-03 
  213  9.04e30 1.730160e33 1.748e11 3.26e11  4.53068e34 3.037e05 4.454e-03 
  214  9.02e30 1.739180e33 1.675e11 3.27e11  4.54069e34 2.985e05 4.343e-03 
  215  8.14e30 1.747320e33 1.606e11 3.29e11  4.54954e34 2.936e05 4.237e-03 
  216  8.14e30 1.755460e33 1.542e11 3.30e11  4.55840e34 2.888e05 4.136e-03 
  217  8.12e30 1.763580e33 1.479e11 3.32e11  4.56687e34 2.841e05 4.035e-03 
  218  8.14e30 1.771720e33 1.417e11 3.33e11  4.57534e34 2.792e05 3.935e-03 
  219  7.32e30 1.779040e33 1.358e11 3.35e11  4.58265e34 2.745e05 3.839e-03 
  220  7.32e30 1.786360e33 1.304e11 3.36e11  4.58997e34 2.701e05 3.748e-03 
  221  7.32e30 1.793680e33 1.250e11 3.38e11  4.59690e34 2.656e05 3.656e-03 
  222  7.32e30 1.801000e33 1.197e11 3.39e11  4.60421e34 2.610e05 3.564e-03 
  223  6.58e30 1.807580e33 1.147e11 3.41e11  4.61037e34 2.566e05 3.476e-03 
  224  6.60e30 1.814180e33 1.100e11 3.42e11  4.61653e34 2.524e05 3.392e-03 
  225  6.58e30 1.820760e33 1.054e11 3.43e11  4.62270e34 2.481e05 3.309e-03 
  226  6.58e30 1.827340e33 1.009e11 3.45e11  4.62847e34 2.438e05 3.225e-03 
  227  5.94e30 1.833280e33 9.665e10 3.46e11  4.63386e34 2.396e05 3.144e-03 
  228  5.92e30 1.839200e33 9.267e10 3.47e11  4.63886e34 2.356e05 3.068e-03 
  229  5.94e30 1.845140e33 8.873e10 3.49e11  4.64387e34 2.315e05 2.991e-03 
  230  5.34e30 1.850480e33 8.504e10 3.50e11  4.64849e34 2.276e05 2.917e-03 
  231  5.32e30 1.855800e33 8.158e10 3.51e11  4.65273e34 2.239e05 2.847e-03 
  232  5.34e30 1.861140e33 7.816e10 3.53e11  4.65734e34 2.201e05 2.777e-03 
  233  5.34e30 1.866480e33 7.478e10 3.54e11  4.66158e34 2.162e05 2.706e-03 
  234  4.80e30 1.871280e33 7.161e10 3.55e11  4.66504e34 2.125e05 2.638e-03 
  235  4.80e30 1.876080e33 6.865e10 3.56e11  4.66889e34 2.090e05 2.573e-03 
  236  4.80e30 1.880880e33 6.571e10 3.58e11  4.67236e34 2.053e05 2.508e-03 
  237  4.34e30 1.885220e33 6.295e10 3.59e11  4.67582e34 2.018e05 2.445e-03 
  238  4.32e30 1.889540e33 6.037e10 3.60e11  4.67890e34 1.985e05 2.386e-03 
  239  4.32e30 1.893860e33 5.781e10 3.61e11  4.68198e34 1.951e05 2.327e-03 
  240  4.32e30 1.898180e33 5.529e10 3.62e11  4.68507e34 1.916e05 2.268e-03 
  241  3.88e30 1.902060e33 5.291e10 3.64e11  4.68776e34 1.883e05 2.211e-03 
  242  3.50e30 1.905560e33 5.080e10 3.65e11  4.69007e34 1.852e05 2.160e-03 
  243  3.50e30 1.909060e33 4.881e10 3.66e11  4.69238e34 1.823e05 2.110e-03 
  244  3.52e30 1.912580e33 4.685e10 3.67e11  4.69508e34 1.793e05 2.061e-03 
  245  3.50e30 1.916080e33 4.490e10 3.68e11  4.69700e34 1.763e05 2.011e-03 
  246  3.50e30 1.919580e33 4.298e10 3.69e11  4.69931e34 1.733e05 1.960e-03 
  247  3.50e30 1.923080e33 4.107e10 3.70e11  4.70162e34 1.701e05 1.910e-03 
  248  3.14e30 1.926220e33 3.928e10 3.71e11  4.70355e34 1.671e05 1.861e-03 
  249  2.84e30 1.929060e33 3.768e10 3.72e11  4.70508e34 1.644e05 1.817e-03 
  250  2.84e30 1.931900e33 3.618e10 3.73e11  4.70701e34 1.617e05 1.775e-03 
  251  2.84e30 1.934740e33 3.469e10 3.74e11  4.70855e34 1.590e05 1.732e-03 
  252  2.82e30 1.937560e33 3.322e10 3.75e11  4.71009e34 1.563e05 1.689e-03 
  253  2.84e30 1.940400e33 3.176e10 3.76e11  4.71201e34 1.535e05 1.646e-03 
  254  2.56e30 1.942960e33 3.039e10 3.77e11  4.71317e34 1.508e05 1.605e-03 
  255  2.54e30 1.945500e33 2.910e10 3.78e11  4.71471e34 1.482e05 1.566e-03 
  256  2.56e30 1.948060e33 2.782e10 3.79e11  4.71625e34 1.456e05 1.525e-03 
  257  2.30e30 1.950360e33 2.662e10 3.80e11  4.71740e34 1.431e05 1.487e-03 
  258  2.30e30 1.952660e33 2.549e10 3.81e11  4.71856e34 1.406e05 1.450e-03 
  259  2.30e30 1.954960e33 2.437e10 3.82e11  4.71971e34 1.381e05 1.414e-03 
  260  2.06e30 1.957020e33 2.332e10 3.83e11  4.72087e34 1.357e05 1.379e-03 
  261  2.06e30 1.959080e33 2.233e10 3.84e11  4.72164e34 1.333e05 1.346e-03 
  262  2.08e30 1.961160e33 2.135e10 3.85e11  4.72279e34 1.310e05 1.312e-03 
  263  1.86e30 1.963020e33 2.042e10 3.86e11  4.72357e34 1.287e05 1.279e-03 
  264  1.86e30 1.964880e33 1.955e10 3.86e11  4.72434e34 1.264e05 1.248e-03 
  265  1.86e30 1.966740e33 1.869e10 3.87e11  4.72549e34 1.242e05 1.216e-03 
  266  1.66e30 1.968400e33 1.788e10 3.88e11  4.72587e34 1.220e05 1.186e-03 
  267  1.68e30 1.970080e33 1.711e10 3.89e11  4.72664e34 1.199e05 1.157e-03 
  268  1.68e30 1.971760e33 1.635e10 3.90e11  4.72742e34 1.177e05 1.128e-03 
  269  1.50e30 1.973260e33 1.564e10 3.91e11  4.72819e34 1.156e05 1.099e-03 
  270  1.52e30 1.974780e33 1.497e10 3.91e11  4.72895e34 1.136e05 1.072e-03 
  271  1.50e30 1.976280e33 1.430e10 3.92e11  4.72934e34 1.116e05 1.045e-03 
  272  1.36e30 1.977640e33 1.367e10 3.93e11  4.73011e34 1.096e05 1.019e-03 
  273  1.22e30 1.978860e33 1.311e10 3.94e11  4.73049e34 1.078e05 9.952e-04 
  274  1.22e30 1.980080e33 1.258e10 3.94e11  4.73088e34 1.060e05 9.724e-04 
  275  1.22e30 1.981300e33 1.205e10 3.95e11  4.73126e34 1.042e05 9.494e-04 
  276  1.22e30 1.982520e33 1.153e10 3.96e11  4.73204e34 1.024e05 9.261e-04 
  277  1.22e30 1.983740e33 1.101e10 3.97e11  4.73242e34 1.005e05 9.024e-04 
  278  1.10e30 1.984840e33 1.053e10 3.97e11  4.73280e34 9.870e04 8.796e-04 
  279  9.80e29 1.985820e33 1.009e10 3.98e11  4.73319e34 9.704e04 8.589e-04 
  280  1.00e30 1.986820e33 9.677e09 3.99e11  4.73357e34 9.543e04 8.390e-04 
  281  9.80e29 1.987800e33 9.267e09 3.99e11  4.73396e34 9.380e04 8.188e-04 
  282  1.00e30 1.988800e33 8.861e09 4.00e11  4.73396e34 9.213e04 7.984e-04 
  283  9.80e29 1.989780e33 8.457e09 4.01e11  4.73434e34 9.043e04 7.777e-04 
  284  9.00e29 1.990680e33 8.076e09 4.01e11  4.73473e34 8.877e04 7.577e-04 
  285  8.00e29 1.991480e33 7.734e09 4.02e11  4.73511e34 8.725e04 7.395e-04 
  286  8.00e29 1.992280e33 7.413e09 4.03e11  4.73511e34 8.578e04 7.220e-04 
  287  8.00e29 1.993080e33 7.094e09 4.03e11  4.73550e34 8.429e04 7.042e-04 
  288  8.00e29 1.993880e33 6.776e09 4.04e11  4.73588e34 8.276e04 6.862e-04 
  289  7.20e29 1.994600e33 6.476e09 4.04e11  4.73588e34 8.127e04 6.688e-04 
  290  6.40e29 1.995240e33 6.208e09 4.05e11  4.73627e34 7.991e04 6.530e-04 
  291  6.60e29 1.995900e33 5.954e09 4.06e11  4.73627e34 7.859e04 6.379e-04 
  292  6.40e29 1.996540e33 5.703e09 4.06e11  4.73665e34 7.724e04 6.226e-04 
  293  6.60e29 1.997200e33 5.452e09 4.07e11  4.73665e34 7.586e04 6.071e-04 
  294  6.40e29 1.997840e33 5.203e09 4.07e11  4.73704e34 7.446e04 5.913e-04 
  295  5.80e29 1.998420e33 4.968e09 4.08e11  4.73704e34 7.309e04 5.760e-04 
  296  5.20e29 1.998940e33 4.757e09 4.08e11  4.73704e34 7.184e04 5.620e-04 
  297  5.40e29 1.999480e33 4.559e09 4.09e11  4.73742e34 7.062e04 5.486e-04 
  298  5.20e29 2.000000e33 4.361e09 4.09e11  4.73742e34 6.938e04 5.351e-04 
