MassCellNumber	 dP	 dr	 dL	 dT	 dPrescaled	 drrescaled	 dLrescaled	 dTrescaled	 P	 r	 L	 T
0  5.135e+10  -1.08124e+07  1.60686e+26  1478.01  5.135e+10  -1.08124e+07  1.60686e+26  1478.01  8.75585e+11  7.72108e+08  2.41561e+27  99063.3
1  5.13166e+10  -1.48311e+07  4.13606e+26  1477.64  5.13166e+10  -1.48311e+07  4.13606e+26  1477.64  8.74986e+11  1.05839e+09  6.21948e+27  99038.9
2  5.0607e+10  -4.69989e+07  1.1994e+28  1470  5.0607e+10  -4.69989e+07  1.1994e+28  1470  8.62256e+11  3.28024e+09  1.82633e+29  98518.1
3  5.03609e+10  -4.82628e+07  1.29471e+28  1467.31  5.03609e+10  -4.82628e+07  1.29471e+28  1467.31  8.57939e+11  3.36569e+09  1.97204e+29  98340.5
4  5.01587e+10  -5.73815e+07  2.24678e+28  1465  5.01587e+10  -5.73815e+07  2.24678e+28  1465  8.54395e+11  4.05289e+09  3.43056e+29  98194.3
5  4.98188e+10  -6.60259e+07  3.43842e+28  1461.08  4.98188e+10  -6.60259e+07  3.43842e+28  1461.08  8.4836e+11  4.68091e+09  5.26354e+29  97944.5
6  4.96276e+10  -6.73367e+07  3.64344e+28  1458.93  4.96276e+10  -6.73367e+07  3.64344e+28  1458.93  8.44952e+11  4.77389e+09  5.57985e+29  97803
7  4.94423e+10  -7.41401e+07  4.80913e+28  1456.89  4.94423e+10  -7.41401e+07  4.80913e+28  1456.89  8.41649e+11  5.2474e+09  7.38401e+29  97665.6
8  4.91473e+10  -8.04088e+07  6.03072e+28  1453.72  4.91473e+10  -8.04088e+07  6.03072e+28  1453.72  8.36401e+11  5.6705e+09  9.28581e+29  97446.5
9  4.89553e+10  -8.2538e+07  6.47685e+28  1451.7  4.89553e+10  -8.2538e+07  6.47685e+28  1451.7  8.32998e+11  5.81138e+09  9.98315e+29  97304
10  4.88521e+10  -8.43909e+07  6.94416e+28  1450.55  4.88521e+10  -8.43909e+07  6.94416e+28  1450.55  8.3117e+11  5.9525e+09  1.07149e+30  97227.4
11  4.86897e+10  -8.81857e+07  7.94697e+28  1448.64  4.86897e+10  -8.81857e+07  7.94697e+28  1448.64  8.28292e+11  6.23596e+09  1.22879e+30  97106.5
12  4.85277e+10  -9.01335e+07  8.48448e+28  1446.76  4.85277e+10  -9.01335e+07  8.48448e+28  1446.76  8.25412e+11  6.37861e+09  1.31329e+30  96985.2
13  4.84143e+10  -9.2118e+07  9.04727e+28  1445.47  4.84143e+10  -9.2118e+07  9.04727e+28  1445.47  8.23394e+11  6.52201e+09  1.40193e+30  96900.1
14  4.82355e+10  -9.62068e+07  1.02533e+29  1443.47  4.82355e+10  -9.62068e+07  1.02533e+29  1443.47  8.20212e+11  6.81157e+09  1.59246e+30  96765.7
15  4.8056e+10  -9.83177e+07  1.08988e+29  1441.51  4.8056e+10  -9.83177e+07  1.08988e+29  1441.51  8.17018e+11  6.95795e+09  1.6948e+30  96630.5
16  4.79301e+10  -1.00449e+08  1.15741e+29  1440.14  4.79301e+10  -1.00449e+08  1.15741e+29  1440.14  8.14779e+11  7.10552e+09  1.80214e+30  96535.4
17  4.77312e+10  -1.04868e+08  1.30195e+29  1438.01  4.77312e+10  -1.04868e+08  1.30195e+29  1438.01  8.11241e+11  7.40467e+09  2.03287e+30  96385
18  4.74572e+10  -1.08924e+08  1.46004e+29  1434.94  4.74572e+10  -1.08924e+08  1.46004e+29  1434.94  8.06377e+11  7.70967e+09  2.28668e+30  96177.6
19  4.72459e+10  -1.11036e+08  1.54468e+29  1432.49  4.72459e+10  -1.11036e+08  1.54468e+29  1432.49  8.02619e+11  7.86463e+09  2.423e+30  96016.8
20  4.70977e+10  -1.1318e+08  1.63323e+29  1430.8  4.70977e+10  -1.1318e+08  1.63323e+29  1430.8  7.99979e+11  8.02132e+09  2.56597e+30  95903.7
21  4.69455e+10  -1.15384e+08  1.72573e+29  1429.07  4.69455e+10  -1.15384e+08  1.72573e+29  1429.07  7.97267e+11  8.17961e+09  2.71573e+30  95787.1
22  4.67888e+10  -1.17662e+08  1.82268e+29  1427.33  4.67888e+10  -1.17662e+08  1.82268e+29  1427.33  7.94476e+11  8.34018e+09  2.87316e+30  95667
23  4.66277e+10  -1.20009e+08  1.92383e+29  1425.57  4.66277e+10  -1.20009e+08  1.92383e+29  1425.57  7.91605e+11  8.50248e+09  3.03802e+30  95543.1
24  4.6462e+10  -1.22432e+08  2.02938e+29  1423.8  4.6462e+10  -1.22432e+08  2.02938e+29  1423.8  7.88654e+11  8.66668e+09  3.21074e+30  95415.5
25  4.62913e+10  -1.24943e+08  2.13977e+29  1422.02  4.62913e+10  -1.24943e+08  2.13977e+29  1422.02  7.85617e+11  8.83333e+09  3.39222e+30  95283.9
26  4.61155e+10  -1.27173e+08  2.25486e+29  1420.07  4.61155e+10  -1.27173e+08  2.25486e+29  1420.07  7.82492e+11  9.00191e+09  3.58218e+30  95148.2
27  4.59349e+10  -1.29481e+08  2.37527e+29  1417.96  4.59349e+10  -1.29481e+08  2.37527e+29  1417.96  7.79279e+11  9.1729e+09  3.78154e+30  95008.3
28  4.57491e+10  -1.31874e+08  2.50114e+29  1415.83  4.57491e+10  -1.31874e+08  2.50114e+29  1415.83  7.75969e+11  9.34637e+09  3.99069e+30  94863.9
29  4.5558e+10  -1.34355e+08  2.63247e+29  1413.7  4.5558e+10  -1.34355e+08  2.63247e+29  1413.7  7.72564e+11  9.52217e+09  4.20984e+30  94714.9
30  4.53613e+10  -1.36901e+08  2.76952e+29  1411.53  4.53613e+10  -1.36901e+08  2.76952e+29  1411.53  7.69061e+11  9.70052e+09  4.43964e+30  94561.2
31  4.5159e+10  -1.3955e+08  2.91237e+29  1409.35  4.5159e+10  -1.3955e+08  2.91237e+29  1409.35  7.65457e+11  9.88142e+09  4.68048e+30  94402.6
32  4.49507e+10  -1.4231e+08  3.0611e+29  1407.17  4.49507e+10  -1.4231e+08  3.0611e+29  1407.17  7.61749e+11  1.00649e+10  4.93279e+30  94239
33  4.4736e+10  -1.44814e+08  3.21639e+29  1404.82  4.4736e+10  -1.44814e+08  3.21639e+29  1404.82  7.57932e+11  1.02514e+10  5.19765e+30  94070.1
34  4.45152e+10  -1.47385e+08  3.37825e+29  1402.27  4.45152e+10  -1.47385e+08  3.37825e+29  1402.27  7.54003e+11  1.04405e+10  5.47501e+30  93895.7
35  4.42882e+10  -1.50068e+08  3.54698e+29  1399.71  4.42882e+10  -1.50068e+08  3.54698e+29  1399.71  7.49961e+11  1.06326e+10  5.7657e+30  93715.7
36  4.40546e+10  -1.52879e+08  3.72277e+29  1397.16  4.40546e+10  -1.52879e+08  3.72277e+29  1397.16  7.45801e+11  1.08279e+10  6.07058e+30  93529.9
37  4.38141e+10  -1.55828e+08  3.90557e+29  1394.61  4.38141e+10  -1.55828e+08  3.90557e+29  1394.61  7.41519e+11  1.10261e+10  6.39001e+30  93337.9
38  4.35665e+10  -1.58486e+08  4.09562e+29  1391.87  4.35665e+10  -1.58486e+08  4.09562e+29  1391.87  7.37114e+11  1.12275e+10  6.72462e+30  93139.8
39  4.3312e+10  -1.61271e+08  4.2937e+29  1388.93  4.3312e+10  -1.61271e+08  4.2937e+29  1388.93  7.32582e+11  1.14323e+10  7.07543e+30  92935.2
40  4.31172e+10  -1.62733e+08  4.39698e+29  1386.75  4.31172e+10  -1.62733e+08  4.39698e+29  1386.75  7.29111e+11  1.15372e+10  7.25933e+30  92778
41  4.29845e+10  -1.64178e+08  4.49975e+29  1385.28  4.29845e+10  -1.64178e+08  4.49975e+29  1385.28  7.26746e+11  1.16405e+10  7.44303e+30  92670.6
42  4.28499e+10  -1.65696e+08  4.60702e+29  1383.81  4.28499e+10  -1.65696e+08  4.60702e+29  1383.81  7.24346e+11  1.17471e+10  7.63563e+30  92561.4
43  4.27134e+10  -1.67218e+08  4.71369e+29  1382.34  4.27134e+10  -1.67218e+08  4.71369e+29  1382.34  7.21914e+11  1.1852e+10  7.82801e+30  92450.5
44  4.25748e+10  -1.68822e+08  4.82506e+29  1380.89  4.25748e+10  -1.68822e+08  4.82506e+29  1380.89  7.19444e+11  1.19605e+10  8.02991e+30  92337.7
45  4.24342e+10  -1.70433e+08  4.93571e+29  1379.45  4.24342e+10  -1.70433e+08  4.93571e+29  1379.45  7.1694e+11  1.20672e+10  8.2316e+30  92223.1
46  4.22914e+10  -1.71933e+08  5.05137e+29  1377.88  4.22914e+10  -1.71933e+08  5.05137e+29  1377.88  7.14399e+11  1.21775e+10  8.4431e+30  92106.5
47  4.21467e+10  -1.73416e+08  5.16683e+29  1376.15  4.21467e+10  -1.73416e+08  5.16683e+29  1376.15  7.11824e+11  1.22861e+10  8.65438e+30  91988.1
48  4.2e+10  -1.74979e+08  5.28786e+29  1374.4  4.2e+10  -1.74979e+08  5.28786e+29  1374.4  7.0921e+11  1.23982e+10  8.87591e+30  91867.7
49  4.18513e+10  -1.76548e+08  5.40848e+29  1372.67  4.18513e+10  -1.76548e+08  5.40848e+29  1372.67  7.06561e+11  1.25086e+10  9.09719e+30  91745.4
50  4.17004e+10  -1.78202e+08  5.53437e+29  1370.94  4.17004e+10  -1.78202e+08  5.53437e+29  1370.94  7.03873e+11  1.26228e+10  9.32929e+30  91621
51  4.15473e+10  -1.79864e+08  5.6594e+29  1369.23  4.15473e+10  -1.79864e+08  5.6594e+29  1369.23  7.01148e+11  1.27352e+10  9.56109e+30  91494.5
52  4.1392e+10  -1.81598e+08  5.7897e+29  1367.52  4.1392e+10  -1.81598e+08  5.7897e+29  1367.52  6.98383e+11  1.28513e+10  9.8041e+30  91366
53  4.12344e+10  -1.83344e+08  5.91898e+29  1365.82  4.12344e+10  -1.83344e+08  5.91898e+29  1365.82  6.9558e+11  1.29656e+10  1.00468e+31  91235.3
54  4.10744e+10  -1.84963e+08  6.05397e+29  1363.98  4.10744e+10  -1.84963e+08  6.05397e+29  1363.98  6.92736e+11  1.30838e+10  1.03013e+31  91102.5
55  4.09123e+10  -1.8659e+08  6.18829e+29  1361.99  4.09123e+10  -1.8659e+08  6.18829e+29  1361.99  6.89853e+11  1.32002e+10  1.05554e+31  90967.4
56  4.07478e+10  -1.88309e+08  6.32852e+29  1360.01  4.07478e+10  -1.88309e+08  6.32852e+29  1360.01  6.86928e+11  1.33206e+10  1.08218e+31  90830.1
57  4.05811e+10  -1.90019e+08  6.46792e+29  1358.04  4.05811e+10  -1.90019e+08  6.46792e+29  1358.04  6.83964e+11  1.34391e+10  1.10879e+31  90690.6
58  4.04119e+10  -1.91831e+08  6.61337e+29  1356.06  4.04119e+10  -1.91831e+08  6.61337e+29  1356.06  6.80956e+11  1.35617e+10  1.13669e+31  90548.6
59  4.02403e+10  -1.93661e+08  6.75778e+29  1354.1  4.02403e+10  -1.93661e+08  6.75778e+29  1354.1  6.77906e+11  1.36824e+10  1.16455e+31  90404.3
60  4.00662e+10  -1.95605e+08  6.90812e+29  1352.17  4.00662e+10  -1.95605e+08  6.90812e+29  1352.17  6.74813e+11  1.38071e+10  1.19375e+31  90257.5
61  3.98895e+10  -1.97287e+08  7.0575e+29  1350.09  3.98895e+10  -1.97287e+08  7.0575e+29  1350.09  6.71679e+11  1.393e+10  1.2229e+31  90108.4
62  3.97104e+10  -1.99067e+08  7.21341e+29  1347.86  3.97104e+10  -1.99067e+08  7.21341e+29  1347.86  6.685e+11  1.40571e+10  1.25346e+31  89956.7
63  3.95289e+10  -2.00865e+08  7.36829e+29  1345.65  3.95289e+10  -2.00865e+08  7.36829e+29  1345.65  6.65278e+11  1.41823e+10  1.28396e+31  89802.5
64  3.93448e+10  -2.02775e+08  7.52972e+29  1343.47  3.93448e+10  -2.02775e+08  7.52972e+29  1343.47  6.62011e+11  1.43118e+10  1.31594e+31  89645.7
65  3.91582e+10  -2.04662e+08  7.68986e+29  1341.28  3.91582e+10  -2.04662e+08  7.68986e+29  1341.28  6.58699e+11  1.44393e+10  1.34786e+31  89486.3
66  3.89688e+10  -2.06669e+08  7.85666e+29  1339.09  3.89688e+10  -2.06669e+08  7.85666e+29  1339.09  6.55341e+11  1.45712e+10  1.38133e+31  89324.2
67  3.87768e+10  -2.08427e+08  8.0226e+29  1336.76  3.87768e+10  -2.08427e+08  8.0226e+29  1336.76  6.51937e+11  1.47012e+10  1.41473e+31  89159.4
68  3.86319e+10  -2.09359e+08  8.10927e+29  1334.92  3.86319e+10  -2.09359e+08  8.10927e+29  1334.92  6.4937e+11  1.47687e+10  1.43225e+31  89034.7
69  3.85328e+10  -2.10299e+08  8.19556e+29  1333.68  3.85328e+10  -2.10299e+08  8.19556e+29  1333.68  6.47611e+11  1.48357e+10  1.44975e+31  88949.1
70  3.83848e+10  -2.1212e+08  8.36705e+29  1331.83  3.83848e+10  -2.1212e+08  8.36705e+29  1331.83  6.44988e+11  1.49681e+10  1.4847e+31  88821.2
71  3.82361e+10  -2.13087e+08  8.45648e+29  1329.98  3.82361e+10  -2.13087e+08  8.45648e+29  1329.98  6.42349e+11  1.50369e+10  1.50302e+31  88692.3
72  3.81342e+10  -2.14061e+08  8.54544e+29  1328.75  3.81342e+10  -2.14061e+08  8.54544e+29  1328.75  6.40542e+11  1.51052e+10  1.52132e+31  88603.8
73  3.80329e+10  -2.15043e+08  8.63395e+29  1327.54  3.80329e+10  -2.15043e+08  8.63395e+29  1327.54  6.38745e+11  1.51729e+10  1.53961e+31  88515.6
74  3.79321e+10  -2.16034e+08  8.72197e+29  1326.36  3.79321e+10  -2.16034e+08  8.72197e+29  1326.36  6.36958e+11  1.52402e+10  1.55788e+31  88427.8
75  3.78294e+10  -2.17085e+08  8.81385e+29  1325.18  3.78294e+10  -2.17085e+08  8.81385e+29  1325.18  6.35136e+11  1.53103e+10  1.57703e+31  88338.2
76  3.77247e+10  -2.17998e+08  8.9054e+29  1323.89  3.77247e+10  -2.17998e+08  8.9054e+29  1323.89  6.33281e+11  1.53799e+10  1.59617e+31  88246.7
77  3.76207e+10  -2.1892e+08  8.99668e+29  1322.51  3.76207e+10  -2.1892e+08  8.99668e+29  1322.51  6.31435e+11  1.54489e+10  1.61529e+31  88155.6
78  3.75172e+10  -2.19849e+08  9.08764e+29  1321.15  3.75172e+10  -2.19849e+08  9.08764e+29  1321.15  6.296e+11  1.55175e+10  1.63439e+31  88064.8
79  3.74118e+10  -2.20835e+08  9.18278e+29  1319.79  3.74118e+10  -2.20835e+08  9.18278e+29  1319.79  6.27729e+11  1.5589e+10  1.65443e+31  87972
80  3.73043e+10  -2.21832e+08  9.27749e+29  1318.42  3.73043e+10  -2.21832e+08  9.27749e+29  1318.42  6.25822e+11  1.56599e+10  1.67446e+31  87877.4
81  3.71975e+10  -2.22838e+08  9.37175e+29  1317.08  3.71975e+10  -2.22838e+08  9.37175e+29  1317.08  6.23926e+11  1.57304e+10  1.69446e+31  87783.1
82  3.70912e+10  -2.23857e+08  9.46551e+29  1315.76  3.70912e+10  -2.23857e+08  9.46551e+29  1315.76  6.2204e+11  1.58003e+10  1.71444e+31  87689.2
83  3.69829e+10  -2.24923e+08  9.56342e+29  1314.44  3.69829e+10  -2.24923e+08  9.56342e+29  1314.44  6.20118e+11  1.58732e+10  1.7354e+31  87593.2
84  3.68725e+10  -2.26003e+08  9.66078e+29  1313.1  3.68725e+10  -2.26003e+08  9.66078e+29  1313.1  6.18161e+11  1.59456e+10  1.75633e+31  87495.3
85  3.67627e+10  -2.26958e+08  9.7576e+29  1311.69  3.67627e+10  -2.26958e+08  9.7576e+29  1311.69  6.16214e+11  1.60174e+10  1.77724e+31  87397.8
86  3.66536e+10  -2.27922e+08  9.85407e+29  1310.21  3.66536e+10  -2.27922e+08  9.85407e+29  1310.21  6.14278e+11  1.60887e+10  1.79813e+31  87300.7
87  3.65424e+10  -2.28946e+08  9.95491e+29  1308.72  3.65424e+10  -2.28946e+08  9.95491e+29  1308.72  6.12304e+11  1.61631e+10  1.82004e+31  87201.4
88  3.64291e+10  -2.29981e+08  1.00553e+30  1307.22  3.64291e+10  -2.29981e+08  1.00553e+30  1307.22  6.10294e+11  1.62369e+10  1.84193e+31  87100.2
89  3.63165e+10  -2.31014e+08  1.01552e+30  1305.74  3.63165e+10  -2.31014e+08  1.01552e+30  1305.74  6.08295e+11  1.63102e+10  1.86379e+31  86999.3
90  3.62045e+10  -2.32059e+08  1.02546e+30  1304.27  3.62045e+10  -2.32059e+08  1.02546e+30  1304.27  6.06308e+11  1.63829e+10  1.88563e+31  86898.8
91  3.60903e+10  -2.33171e+08  1.03584e+30  1302.81  3.60903e+10  -2.33171e+08  1.03584e+30  1302.81  6.04282e+11  1.64588e+10  1.90854e+31  86796.1
92  3.59741e+10  -2.343e+08  1.04616e+30  1301.34  3.59741e+10  -2.343e+08  1.04616e+30  1301.34  6.02219e+11  1.65341e+10  1.93141e+31  86691.4
93  3.58584e+10  -2.35445e+08  1.0564e+30  1299.9  3.58584e+10  -2.35445e+08  1.0564e+30  1299.9  6.00167e+11  1.66089e+10  1.95426e+31  86587
94  3.57434e+10  -2.36594e+08  1.06658e+30  1298.5  3.57434e+10  -2.36594e+08  1.06658e+30  1298.5  5.98127e+11  1.66831e+10  1.97709e+31  86483
95  3.56261e+10  -2.3765e+08  1.07722e+30  1296.96  3.56261e+10  -2.3765e+08  1.07722e+30  1296.96  5.96048e+11  1.67606e+10  2.00104e+31  86376.8
96  3.55066e+10  -2.38719e+08  1.08781e+30  1295.31  3.55066e+10  -2.38719e+08  1.08781e+30  1295.31  5.9393e+11  1.68374e+10  2.02495e+31  86268.4
97  3.53878e+10  -2.39802e+08  1.09835e+30  1293.69  3.53878e+10  -2.39802e+08  1.09835e+30  1293.69  5.91824e+11  1.69138e+10  2.04884e+31  86160.4
98  3.52697e+10  -2.409e+08  1.10883e+30  1292.1  3.52697e+10  -2.409e+08  1.10883e+30  1292.1  5.8973e+11  1.69896e+10  2.07271e+31  86052.8
99  3.51493e+10  -2.42069e+08  1.11977e+30  1290.51  3.51493e+10  -2.42069e+08  1.11977e+30  1290.51  5.87596e+11  1.70686e+10  2.09773e+31  85942.9
100  3.50267e+10  -2.43242e+08  1.13064e+30  1288.91  3.50267e+10  -2.43242e+08  1.13064e+30  1288.91  5.85423e+11  1.71471e+10  2.12273e+31  85830.8
101  3.49048e+10  -2.44433e+08  1.14144e+30  1287.33  3.49048e+10  -2.44433e+08  1.14144e+30  1287.33  5.83262e+11  1.7225e+10  2.1477e+31  85719
102  3.47835e+10  -2.45645e+08  1.15216e+30  1285.8  3.47835e+10  -2.45645e+08  1.15216e+30  1285.8  5.81114e+11  1.73024e+10  2.17264e+31  85607.6
103  3.46599e+10  -2.46766e+08  1.16335e+30  1284.14  3.46599e+10  -2.46766e+08  1.16335e+30  1284.14  5.78925e+11  1.73831e+10  2.19878e+31  85493.9
104  3.4534e+10  -2.47903e+08  1.17447e+30  1282.36  3.4534e+10  -2.47903e+08  1.17447e+30  1282.36  5.76696e+11  1.74632e+10  2.22489e+31  85377.9
105  3.44089e+10  -2.49039e+08  1.18554e+30  1280.61  3.44089e+10  -2.49039e+08  1.18554e+30  1280.61  5.74481e+11  1.75428e+10  2.25097e+31  85262.3
106  3.42845e+10  -2.50193e+08  1.19655e+30  1278.88  3.42845e+10  -2.50193e+08  1.19655e+30  1278.88  5.72278e+11  1.76218e+10  2.27701e+31  85147.2
107  3.41577e+10  -2.51424e+08  1.20804e+30  1277.15  3.41577e+10  -2.51424e+08  1.20804e+30  1277.15  5.70033e+11  1.77042e+10  2.30435e+31  85029.5
108  3.40285e+10  -2.52677e+08  1.21946e+30  1275.42  3.40285e+10  -2.52677e+08  1.21946e+30  1275.42  5.67746e+11  1.77861e+10  2.33165e+31  84909.3
109  3.39e+10  -2.53954e+08  1.23081e+30  1273.74  3.39e+10  -2.53954e+08  1.23081e+30  1273.74  5.65472e+11  1.78674e+10  2.35892e+31  84789.6
110  3.37722e+10  -2.55094e+08  1.24211e+30  1271.93  3.37722e+10  -2.55094e+08  1.24211e+30  1271.93  5.63212e+11  1.79482e+10  2.38616e+31  84670.3
111  3.3642e+10  -2.56306e+08  1.25394e+30  1269.94  3.3642e+10  -2.56306e+08  1.25394e+30  1269.94  5.60909e+11  1.80324e+10  2.4147e+31  84548.5
112  3.35095e+10  -2.57535e+08  1.26571e+30  1267.96  3.35095e+10  -2.57535e+08  1.26571e+30  1267.96  5.58566e+11  1.8116e+10  2.44321e+31  84424.2
113  3.33777e+10  -2.58783e+08  1.27742e+30  1266.01  3.33777e+10  -2.58783e+08  1.27742e+30  1266.01  5.56236e+11  1.81991e+10  2.47167e+31  84300.4
114  3.32468e+10  -2.60051e+08  1.28906e+30  1264.11  3.32468e+10  -2.60051e+08  1.28906e+30  1264.11  5.5392e+11  1.82816e+10  2.5001e+31  84177
115  3.31132e+10  -2.6139e+08  1.30121e+30  1262.21  3.31132e+10  -2.6139e+08  1.30121e+30  1262.21  5.5156e+11  1.83677e+10  2.52993e+31  84051
116  3.29771e+10  -2.62754e+08  1.31327e+30  1260.3  3.29771e+10  -2.62754e+08  1.31327e+30  1260.3  5.49157e+11  1.84532e+10  2.55971e+31  83922.3
117  3.28418e+10  -2.64145e+08  1.32523e+30  1258.44  3.28418e+10  -2.64145e+08  1.32523e+30  1258.44  5.46768e+11  1.85381e+10  2.58945e+31  83794.1
118  3.27072e+10  -2.65377e+08  1.33713e+30  1256.5  3.27072e+10  -2.65377e+08  1.33713e+30  1256.5  5.44393e+11  1.86225e+10  2.61915e+31  83666.3
119  3.25701e+10  -2.66675e+08  1.34956e+30  1254.41  3.25701e+10  -2.66675e+08  1.34956e+30  1254.41  5.41974e+11  1.87105e+10  2.65029e+31  83535.9
120  3.24304e+10  -2.67994e+08  1.36192e+30  1252.3  3.24304e+10  -2.67994e+08  1.36192e+30  1252.3  5.39512e+11  1.87979e+10  2.68139e+31  83402.7
121  3.22916e+10  -2.69337e+08  1.3742e+30  1250.25  3.22916e+10  -2.69337e+08  1.3742e+30  1250.25  5.37064e+11  1.88848e+10  2.71244e+31  83270
122  3.21536e+10  -2.70707e+08  1.38639e+30  1248.25  3.21536e+10  -2.70707e+08  1.38639e+30  1248.25  5.34632e+11  1.89711e+10  2.74345e+31  83137.8
123  3.20129e+10  -2.72178e+08  1.3991e+30  1246.27  3.20129e+10  -2.72178e+08  1.3991e+30  1246.27  5.32153e+11  1.90611e+10  2.77599e+31  83002.6
124  3.18695e+10  -2.7347e+08  1.41173e+30  1244.14  3.18695e+10  -2.7347e+08  1.41173e+30  1244.14  5.29629e+11  1.91506e+10  2.80848e+31  82864.7
125  3.1727e+10  -2.74784e+08  1.42429e+30  1241.9  3.1727e+10  -2.74784e+08  1.42429e+30  1241.9  5.2712e+11  1.92395e+10  2.84093e+31  82727.2
126  3.15853e+10  -2.76122e+08  1.43678e+30  1239.73  3.15853e+10  -2.76122e+08  1.43678e+30  1239.73  5.24627e+11  1.93278e+10  2.87333e+31  82590.2
127  3.1441e+10  -2.77554e+08  1.44981e+30  1237.55  3.1441e+10  -2.77554e+08  1.44981e+30  1237.55  5.22087e+11  1.942e+10  2.9073e+31  82450.3
128  3.1294e+10  -2.78998e+08  1.46274e+30  1235.38  3.1294e+10  -2.78998e+08  1.46274e+30  1235.38  5.19503e+11  1.95115e+10  2.94122e+31  82307.5
129  3.11479e+10  -2.80475e+08  1.47556e+30  1233.26  3.11479e+10  -2.80475e+08  1.47556e+30  1233.26  5.16934e+11  1.96025e+10  2.97509e+31  82165.2
130  3.10026e+10  -2.81794e+08  1.48829e+30  1231.06  3.10026e+10  -2.81794e+08  1.48829e+30  1231.06  5.14382e+11  1.96929e+10  3.00892e+31  82023.4
131  3.08547e+10  -2.83204e+08  1.50156e+30  1228.72  3.08547e+10  -2.83204e+08  1.50156e+30  1228.72  5.11784e+11  1.97871e+10  3.04435e+31  81878.6
132  3.07042e+10  -2.84622e+08  1.51476e+30  1226.36  3.07042e+10  -2.84622e+08  1.51476e+30  1226.36  5.0914e+11  1.98807e+10  3.07973e+31  81730.9
133  3.05546e+10  -2.86071e+08  1.52787e+30  1224.06  3.05546e+10  -2.86071e+08  1.52787e+30  1224.06  5.06514e+11  1.99737e+10  3.11506e+31  81583.6
134  3.04059e+10  -2.87552e+08  1.54087e+30  1221.83  3.04059e+10  -2.87552e+08  1.54087e+30  1221.83  5.03905e+11  2.00661e+10  3.15034e+31  81436.9
135  3.02543e+10  -2.89149e+08  1.5544e+30  1219.62  3.02543e+10  -2.89149e+08  1.5544e+30  1219.62  5.01246e+11  2.01627e+10  3.18737e+31  81287
136  3.00999e+10  -2.9056e+08  1.56783e+30  1217.26  3.00999e+10  -2.9056e+08  1.56783e+30  1217.26  4.98538e+11  2.02586e+10  3.22434e+31  81133.9
137  2.99464e+10  -2.91998e+08  1.58119e+30  1214.79  2.99464e+10  -2.91998e+08  1.58119e+30  1214.79  4.95849e+11  2.0354e+10  3.26126e+31  80981.3
138  2.97939e+10  -2.93468e+08  1.59445e+30  1212.38  2.97939e+10  -2.93468e+08  1.59445e+30  1212.38  4.93177e+11  2.04487e+10  3.29813e+31  80829.2
139  2.96385e+10  -2.95028e+08  1.60826e+30  1209.98  2.96385e+10  -2.95028e+08  1.60826e+30  1209.98  4.90456e+11  2.05476e+10  3.33678e+31  80673.8
140  2.94804e+10  -2.9663e+08  1.62194e+30  1207.59  2.94804e+10  -2.9663e+08  1.62194e+30  1207.59  4.87687e+11  2.06459e+10  3.37537e+31  80515.3
141  2.93232e+10  -2.98071e+08  1.6355e+30  1205.12  2.93232e+10  -2.98071e+08  1.6355e+30  1205.12  4.84937e+11  2.07435e+10  3.41391e+31  80357.2
142  2.9167e+10  -2.99543e+08  1.64898e+30  1202.56  2.9167e+10  -2.99543e+08  1.64898e+30  1202.56  4.82205e+11  2.08406e+10  3.45239e+31  80199.7
143  2.90118e+10  -3.01028e+08  1.66237e+30  1200.05  2.90118e+10  -3.01028e+08  1.66237e+30  1200.05  4.79491e+11  2.09371e+10  3.49082e+31  80042.7
144  2.88575e+10  -3.02548e+08  1.67566e+30  1197.61  2.88575e+10  -3.02548e+08  1.67566e+30  1197.61  4.76794e+11  2.1033e+10  3.5292e+31  79886.3
145  2.87042e+10  -3.04109e+08  1.68883e+30  1195.25  2.87042e+10  -3.04109e+08  1.68883e+30  1195.25  4.74115e+11  2.11284e+10  3.56753e+31  79730.3
146  2.85517e+10  -3.05648e+08  1.70191e+30  1192.91  2.85517e+10  -3.05648e+08  1.70191e+30  1192.91  4.71453e+11  2.12233e+10  3.6058e+31  79574.8
147  2.84003e+10  -3.07009e+08  1.71509e+30  1190.42  2.84003e+10  -3.07009e+08  1.71509e+30  1190.42  4.68809e+11  2.13175e+10  3.64399e+31  79419.9
148  2.82498e+10  -3.08402e+08  1.7281e+30  1187.84  2.82498e+10  -3.08402e+08  1.7281e+30  1187.84  4.66183e+11  2.14112e+10  3.68209e+31  79265.6
149  2.81003e+10  -3.0983e+08  1.74093e+30  1185.35  2.81003e+10  -3.0983e+08  1.74093e+30  1185.35  4.63574e+11  2.15044e+10  3.72013e+31  79111.8
150  2.79517e+10  -3.11256e+08  1.7536e+30  1182.91  2.79517e+10  -3.11256e+08  1.7536e+30  1182.91  4.60982e+11  2.15971e+10  3.75809e+31  78958.4
151  2.78002e+10  -3.12794e+08  1.76677e+30  1180.47  2.78002e+10  -3.12794e+08  1.76677e+30  1180.47  4.58338e+11  2.1694e+10  3.79792e+31  78801.6
152  2.76457e+10  -3.14169e+08  1.7798e+30  1177.89  2.76457e+10  -3.14169e+08  1.7798e+30  1177.89  4.55647e+11  2.17904e+10  3.83767e+31  78641.3
153  2.74923e+10  -3.15556e+08  1.79272e+30  1175.22  2.74923e+10  -3.15556e+08  1.79272e+30  1175.22  4.52972e+11  2.18863e+10  3.87734e+31  78481.6
154  2.73398e+10  -3.16975e+08  1.80553e+30  1172.61  2.73398e+10  -3.16975e+08  1.80553e+30  1172.61  4.50314e+11  2.19817e+10  3.91693e+31  78322.3
155  2.71883e+10  -3.18434e+08  1.81821e+30  1170.1  2.71883e+10  -3.18434e+08  1.81821e+30  1170.1  4.47673e+11  2.20766e+10  3.95645e+31  78163.5
156  2.70377e+10  -3.19934e+08  1.83073e+30  1167.68  2.70377e+10  -3.19934e+08  1.83073e+30  1167.68  4.45048e+11  2.21709e+10  3.99588e+31  78005.2
157  2.68879e+10  -3.21265e+08  1.84309e+30  1165.18  2.68879e+10  -3.21265e+08  1.84309e+30  1165.18  4.4244e+11  2.22649e+10  4.03524e+31  77847.3
158  2.67391e+10  -3.22627e+08  1.85536e+30  1162.57  2.67391e+10  -3.22627e+08  1.85536e+30  1162.57  4.39847e+11  2.23583e+10  4.07452e+31  77689.9
159  2.65875e+10  -3.24097e+08  1.8681e+30  1159.98  2.65875e+10  -3.24097e+08  1.8681e+30  1159.98  4.37206e+11  2.24559e+10  4.11568e+31  77529
160  2.64331e+10  -3.25589e+08  1.88068e+30  1157.4  2.64331e+10  -3.25589e+08  1.88068e+30  1157.4  4.34518e+11  2.25531e+10  4.15675e+31  77364.6
161  2.62797e+10  -3.27127e+08  1.89308e+30  1154.92  2.62797e+10  -3.27127e+08  1.89308e+30  1154.92  4.31847e+11  2.26497e+10  4.19773e+31  77200.7
162  2.61272e+10  -3.28507e+08  1.90533e+30  1152.36  2.61272e+10  -3.28507e+08  1.90533e+30  1152.36  4.29192e+11  2.27459e+10  4.23863e+31  77037.3
163  2.59756e+10  -3.29902e+08  1.91745e+30  1149.7  2.59756e+10  -3.29902e+08  1.91745e+30  1149.7  4.26554e+11  2.28416e+10  4.27944e+31  76874.3
164  2.58249e+10  -3.31336e+08  1.92944e+30  1147.11  2.58249e+10  -3.31336e+08  1.92944e+30  1147.11  4.23933e+11  2.29369e+10  4.32017e+31  76711.7
165  2.56752e+10  -3.32813e+08  1.94125e+30  1144.62  2.56752e+10  -3.32813e+08  1.94125e+30  1144.62  4.21327e+11  2.30317e+10  4.36081e+31  76549.6
166  2.55263e+10  -3.34339e+08  1.95288e+30  1142.24  2.55263e+10  -3.34339e+08  1.95288e+30  1142.24  4.18738e+11  2.31261e+10  4.40136e+31  76387.9
167  2.53783e+10  -3.35684e+08  1.96435e+30  1139.76  2.53783e+10  -3.35684e+08  1.96435e+30  1139.76  4.16164e+11  2.322e+10  4.44183e+31  76226.6
168  2.52312e+10  -3.37065e+08  1.97569e+30  1137.18  2.52312e+10  -3.37065e+08  1.97569e+30  1137.18  4.13606e+11  2.33135e+10  4.48221e+31  76065.8
169  2.50849e+10  -3.38486e+08  1.98688e+30  1134.69  2.50849e+10  -3.38486e+08  1.98688e+30  1134.69  4.11064e+11  2.34067e+10  4.5225e+31  75905.3
170  2.49395e+10  -3.3993e+08  1.9979e+30  1132.28  2.49395e+10  -3.3993e+08  1.9979e+30  1132.28  4.08536e+11  2.34994e+10  4.56271e+31  75745.2
171  2.4795e+10  -3.41419e+08  2.00871e+30  1129.96  2.4795e+10  -3.41419e+08  2.00871e+30  1129.96  4.06025e+11  2.35916e+10  4.60279e+31  75585.6
172  2.46514e+10  -3.4275e+08  2.01941e+30  1127.59  2.46514e+10  -3.4275e+08  2.01941e+30  1127.59  4.03531e+11  2.36834e+10  4.64278e+31  75426.5
173  2.45086e+10  -3.44097e+08  2.03001e+30  1125.17  2.45086e+10  -3.44097e+08  2.03001e+30  1125.17  4.01051e+11  2.37749e+10  4.68268e+31  75267.7
174  2.43666e+10  -3.45483e+08  2.04043e+30  1122.81  2.43666e+10  -3.45483e+08  2.04043e+30  1122.81  3.98585e+11  2.3866e+10  4.72249e+31  75109.3
175  2.42218e+10  -3.46987e+08  2.05106e+30  1120.49  2.42218e+10  -3.46987e+08  2.05106e+30  1120.49  3.96071e+11  2.39613e+10  4.76422e+31  74947.2
176  2.40743e+10  -3.48525e+08  2.06131e+30  1118.19  2.40743e+10  -3.48525e+08  2.06131e+30  1118.19  3.93511e+11  2.40563e+10  4.80584e+31  74781.5
177  2.39275e+10  -3.49898e+08  2.07134e+30  1115.83  2.39275e+10  -3.49898e+08  2.07134e+30  1115.83  3.90965e+11  2.41508e+10  4.84735e+31  74616.1
178  2.37817e+10  -3.51311e+08  2.08117e+30  1113.41  2.37817e+10  -3.51311e+08  2.08117e+30  1113.41  3.88435e+11  2.4245e+10  4.88874e+31  74451
179  2.36367e+10  -3.52769e+08  2.09078e+30  1111.09  2.36367e+10  -3.52769e+08  2.09078e+30  1111.09  3.8592e+11  2.43388e+10  4.93003e+31  74286.3
180  2.34925e+10  -3.54256e+08  2.10015e+30  1108.83  2.34925e+10  -3.54256e+08  2.10015e+30  1108.83  3.8342e+11  2.44323e+10  4.97121e+31  74122
181  2.33492e+10  -3.55594e+08  2.1093e+30  1106.48  2.33492e+10  -3.55594e+08  2.1093e+30  1106.48  3.80935e+11  2.45254e+10  5.01228e+31  73958
182  2.32067e+10  -3.5697e+08  2.11826e+30  1104.05  2.32067e+10  -3.5697e+08  2.11826e+30  1104.05  3.78464e+11  2.46181e+10  5.05324e+31  73794.3
183  2.3065e+10  -3.58367e+08  2.12702e+30  1101.68  2.3065e+10  -3.58367e+08  2.12702e+30  1101.68  3.76008e+11  2.47105e+10  5.09411e+31  73631
184  2.29241e+10  -3.5981e+08  2.13556e+30  1099.38  2.29241e+10  -3.5981e+08  2.13556e+30  1099.38  3.73567e+11  2.48026e+10  5.13487e+31  73468
185  2.2784e+10  -3.61305e+08  2.14386e+30  1097.17  2.2784e+10  -3.61305e+08  2.14386e+30  1097.17  3.71139e+11  2.48943e+10  5.17553e+31  73305.3
186  2.26446e+10  -3.62627e+08  2.15195e+30  1094.87  2.26446e+10  -3.62627e+08  2.15195e+30  1094.87  3.68726e+11  2.49857e+10  5.2161e+31  73143
187  2.2506e+10  -3.63988e+08  2.15986e+30  1092.45  2.2506e+10  -3.63988e+08  2.15986e+30  1092.45  3.66326e+11  2.50768e+10  5.25657e+31  72980.9
188  2.23683e+10  -3.65393e+08  2.16757e+30  1090.13  2.23683e+10  -3.65393e+08  2.16757e+30  1090.13  3.6394e+11  2.51676e+10  5.29695e+31  72819.1
189  2.22312e+10  -3.66827e+08  2.17504e+30  1087.87  2.22312e+10  -3.66827e+08  2.17504e+30  1087.87  3.61568e+11  2.5258e+10  5.33723e+31  72657.7
190  2.20949e+10  -3.68156e+08  2.18232e+30  1085.51  2.20949e+10  -3.68156e+08  2.18232e+30  1085.51  3.59209e+11  2.53482e+10  5.37742e+31  72496.5
191  2.1956e+10  -3.69598e+08  2.18986e+30  1082.98  2.1956e+10  -3.69598e+08  2.18986e+30  1082.98  3.56806e+11  2.54425e+10  5.41953e+31  72331.6
192  2.18146e+10  -3.71069e+08  2.1973e+30  1080.45  2.18146e+10  -3.71069e+08  2.1973e+30  1080.45  3.54358e+11  2.55366e+10  5.46154e+31  72163.1
193  2.16739e+10  -3.72589e+08  2.20448e+30  1077.99  2.16739e+10  -3.72589e+08  2.20448e+30  1077.99  3.51925e+11  2.56303e+10  5.50344e+31  71994.8
194  2.1534e+10  -3.74165e+08  2.21137e+30  1075.65  2.1534e+10  -3.74165e+08  2.21137e+30  1075.65  3.49506e+11  2.57237e+10  5.54524e+31  71826.9
195  2.13948e+10  -3.75596e+08  2.21805e+30  1073.19  2.13948e+10  -3.75596e+08  2.21805e+30  1073.19  3.47101e+11  2.58168e+10  5.58694e+31  71659.2
196  2.12564e+10  -3.77072e+08  2.22457e+30  1070.59  2.12564e+10  -3.77072e+08  2.22457e+30  1070.59  3.4471e+11  2.59097e+10  5.62854e+31  71491.9
197  2.11188e+10  -3.78602e+08  2.23089e+30  1068.09  2.11188e+10  -3.78602e+08  2.23089e+30  1068.09  3.42333e+11  2.60023e+10  5.67004e+31  71324.8
198  2.09819e+10  -3.8017e+08  2.237e+30  1065.67  2.09819e+10  -3.8017e+08  2.237e+30  1065.67  3.3997e+11  2.60946e+10  5.71144e+31  71158.1
199  2.08456e+10  -3.81591e+08  2.24294e+30  1063.14  2.08456e+10  -3.81591e+08  2.24294e+30  1063.14  3.3762e+11  2.61866e+10  5.75275e+31  70991.7
200  2.07102e+10  -3.83057e+08  2.24879e+30  1060.52  2.07102e+10  -3.83057e+08  2.24879e+30  1060.52  3.35284e+11  2.62783e+10  5.79397e+31  70825.5
201  2.05755e+10  -3.84548e+08  2.25446e+30  1057.93  2.05755e+10  -3.84548e+08  2.25446e+30  1057.93  3.32961e+11  2.63699e+10  5.83508e+31  70659.6
202  2.04415e+10  -3.86093e+08  2.25992e+30  1055.37  2.04415e+10  -3.86093e+08  2.25992e+30  1055.37  3.30651e+11  2.64611e+10  5.87609e+31  70494
203  2.03081e+10  -3.87499e+08  2.26518e+30  1052.73  2.03081e+10  -3.87499e+08  2.26518e+30  1052.73  3.28355e+11  2.65521e+10  5.91699e+31  70328.8
204  2.01755e+10  -3.88926e+08  2.2703e+30  1049.99  2.01755e+10  -3.88926e+08  2.2703e+30  1049.99  3.26071e+11  2.66429e+10  5.95779e+31  70163.8
205  2.00436e+10  -3.904e+08  2.27526e+30  1047.31  2.00436e+10  -3.904e+08  2.27526e+30  1047.31  3.238e+11  2.67334e+10  5.99848e+31  69999
206  1.99124e+10  -3.91927e+08  2.28003e+30  1044.74  1.99124e+10  -3.91927e+08  2.28003e+30  1044.74  3.21542e+11  2.68237e+10  6.03907e+31  69834.6
207  1.97819e+10  -3.93493e+08  2.28459e+30  1042.25  1.97819e+10  -3.93493e+08  2.28459e+30  1042.25  3.19297e+11  2.69138e+10  6.07956e+31  69670.4
208  1.9652e+10  -3.94906e+08  2.28898e+30  1039.65  1.9652e+10  -3.94906e+08  2.28898e+30  1039.65  3.17064e+11  2.70036e+10  6.11995e+31  69506.5
209  1.95228e+10  -3.96365e+08  2.29322e+30  1036.96  1.95228e+10  -3.96365e+08  2.29322e+30  1036.96  3.14844e+11  2.70933e+10  6.16025e+31  69342.9
210  1.93943e+10  -3.97855e+08  2.29729e+30  1034.35  1.93943e+10  -3.97855e+08  2.29729e+30  1034.35  3.12636e+11  2.71827e+10  6.20042e+31  69179.6
211  1.92665e+10  -3.99402e+08  2.30116e+30  1031.83  1.92665e+10  -3.99402e+08  2.30116e+30  1031.83  3.10442e+11  2.72718e+10  6.2405e+31  69016.6
212  1.91394e+10  -4.00805e+08  2.30486e+30  1029.22  1.91394e+10  -4.00805e+08  2.30486e+30  1029.22  3.0826e+11  2.73608e+10  6.28047e+31  68853.8
213  1.90129e+10  -4.02232e+08  2.30842e+30  1026.51  1.90129e+10  -4.02232e+08  2.30842e+30  1026.51  3.0609e+11  2.74495e+10  6.32034e+31  68691.4
214  1.88871e+10  -4.03711e+08  2.31182e+30  1023.87  1.88871e+10  -4.03711e+08  2.31182e+30  1023.87  3.03932e+11  2.7538e+10  6.36014e+31  68529.2
215  1.87619e+10  -4.05246e+08  2.31504e+30  1021.33  1.87619e+10  -4.05246e+08  2.31504e+30  1021.33  3.01785e+11  2.76264e+10  6.39985e+31  68367.2
216  1.86372e+10  -4.06623e+08  2.31809e+30  1018.69  1.86372e+10  -4.06623e+08  2.31809e+30  1018.69  2.9965e+11  2.77147e+10  6.43948e+31  68205.4
217  1.85132e+10  -4.08043e+08  2.32101e+30  1015.95  1.85132e+10  -4.08043e+08  2.32101e+30  1015.95  2.97525e+11  2.78027e+10  6.47903e+31  68043.7
218  1.83898e+10  -4.09494e+08  2.32379e+30  1013.28  1.83898e+10  -4.09494e+08  2.32379e+30  1013.28  2.95412e+11  2.78906e+10  6.5185e+31  67882.4
219  1.8267e+10  -4.10999e+08  2.32639e+30  1010.69  1.8267e+10  -4.10999e+08  2.32639e+30  1010.69  2.9331e+11  2.79783e+10  6.55787e+31  67721.2
220  1.81448e+10  -4.12371e+08  2.32883e+30  1008.03  1.81448e+10  -4.12371e+08  2.32883e+30  1008.03  2.9122e+11  2.80659e+10  6.59716e+31  67560.3
221  1.80233e+10  -4.13768e+08  2.33115e+30  1005.27  1.80233e+10  -4.13768e+08  2.33115e+30  1005.27  2.89141e+11  2.81533e+10  6.63637e+31  67399.6
222  1.79023e+10  -4.15212e+08  2.33334e+30  1002.58  1.79023e+10  -4.15212e+08  2.33334e+30  1002.58  2.87073e+11  2.82405e+10  6.67549e+31  67239.1
223  1.7782e+10  -4.16711e+08  2.33537e+30  999.986  1.7782e+10  -4.16711e+08  2.33537e+30  999.986  2.85016e+11  2.83275e+10  6.71453e+31  67078.9
224  1.76623e+10  -4.18252e+08  2.33721e+30  997.48  1.76623e+10  -4.18252e+08  2.33721e+30  997.48  2.8297e+11  2.84144e+10  6.75349e+31  66918.9
225  1.75431e+10  -4.19631e+08  2.33894e+30  994.868  1.75431e+10  -4.19631e+08  2.33894e+30  994.868  2.80935e+11  2.85012e+10  6.79237e+31  66759.1
226  1.74245e+10  -4.21059e+08  2.34053e+30  992.159  1.74245e+10  -4.21059e+08  2.34053e+30  992.159  2.78911e+11  2.85878e+10  6.83116e+31  66599.5
227  1.73065e+10  -4.22523e+08  2.34197e+30  989.529  1.73065e+10  -4.22523e+08  2.34197e+30  989.529  2.76898e+11  2.86742e+10  6.86988e+31  66440.1
228  1.71891e+10  -4.24048e+08  2.34323e+30  986.988  1.71891e+10  -4.24048e+08  2.34323e+30  986.988  2.74895e+11  2.87605e+10  6.90851e+31  66280.9
229  1.70722e+10  -4.2543e+08  2.34436e+30  984.366  1.70722e+10  -4.2543e+08  2.34436e+30  984.366  2.72903e+11  2.88467e+10  6.94707e+31  66121.9
230  1.6956e+10  -4.26841e+08  2.34537e+30  981.64  1.6956e+10  -4.26841e+08  2.34537e+30  981.64  2.70922e+11  2.89328e+10  6.98555e+31  65963.2
231  1.68402e+10  -4.28307e+08  2.34624e+30  978.992  1.68402e+10  -4.28307e+08  2.34624e+30  978.992  2.68951e+11  2.90187e+10  7.02395e+31  65804.6
232  1.67251e+10  -4.29834e+08  2.34693e+30  976.449  1.67251e+10  -4.29834e+08  2.34693e+30  976.449  2.6699e+11  2.91045e+10  7.06228e+31  65646.2
233  1.66105e+10  -4.31203e+08  2.3475e+30  973.811  1.66105e+10  -4.31203e+08  2.3475e+30  973.811  2.6504e+11  2.91901e+10  7.10054e+31  65488
234  1.64965e+10  -4.3262e+08  2.34796e+30  971.072  1.64965e+10  -4.3262e+08  2.34796e+30  971.072  2.631e+11  2.92757e+10  7.13873e+31  65330.1
235  1.6383e+10  -4.34092e+08  2.34828e+30  968.427  1.6383e+10  -4.34092e+08  2.34828e+30  968.427  2.6117e+11  2.93611e+10  7.17684e+31  65172.3
236  1.627e+10  -4.35606e+08  2.34843e+30  965.871  1.627e+10  -4.35606e+08  2.34843e+30  965.871  2.5925e+11  2.94464e+10  7.21489e+31  65014.6
237  1.61576e+10  -4.36984e+08  2.34846e+30  963.221  1.61576e+10  -4.36984e+08  2.34846e+30  963.221  2.5734e+11  2.95316e+10  7.25287e+31  64857.2
238  1.60458e+10  -4.38411e+08  2.3484e+30  960.489  1.60458e+10  -4.38411e+08  2.3484e+30  960.489  2.5544e+11  2.96167e+10  7.29079e+31  64700
239  1.59344e+10  -4.39873e+08  2.34822e+30  957.835  1.59344e+10  -4.39873e+08  2.34822e+30  957.835  2.53551e+11  2.97017e+10  7.32863e+31  64542.9
240  1.58236e+10  -4.41396e+08  2.34787e+30  955.268  1.58236e+10  -4.41396e+08  2.34787e+30  955.268  2.5167e+11  2.97866e+10  7.36642e+31  64386
241  1.57134e+10  -4.42771e+08  2.34734e+30  952.625  1.57134e+10  -4.42771e+08  2.34734e+30  952.625  2.498e+11  2.98714e+10  7.40412e+31  64229.3
242  1.56036e+10  -4.44193e+08  2.3467e+30  949.899  1.56036e+10  -4.44193e+08  2.3467e+30  949.899  2.47939e+11  2.99561e+10  7.44173e+31  64072.7
243  1.54944e+10  -4.45671e+08  2.34593e+30  947.267  1.54944e+10  -4.45671e+08  2.34593e+30  947.267  2.46088e+11  3.00408e+10  7.47925e+31  63916.3
244  1.53857e+10  -4.47194e+08  2.34499e+30  944.723  1.53857e+10  -4.47194e+08  2.34499e+30  944.723  2.44247e+11  3.01253e+10  7.51667e+31  63760.1
245  1.52775e+10  -4.48581e+08  2.34392e+30  942.09  1.52775e+10  -4.48581e+08  2.34392e+30  942.09  2.42415e+11  3.02098e+10  7.554e+31  63604
246  1.51698e+10  -4.50017e+08  2.34274e+30  939.377  1.51698e+10  -4.50017e+08  2.34274e+30  939.377  2.40593e+11  3.02941e+10  7.59125e+31  63448.1
247  1.50626e+10  -4.51468e+08  2.34149e+30  936.727  1.50626e+10  -4.51468e+08  2.34149e+30  936.727  2.3878e+11  3.03784e+10  7.6284e+31  63292.4
248  1.4956e+10  -4.52975e+08  2.3402e+30  934.149  1.4956e+10  -4.52975e+08  2.3402e+30  934.149  2.36976e+11  3.04627e+10  7.66546e+31  63136.8
249  1.48498e+10  -4.54353e+08  2.33872e+30  931.499  1.48498e+10  -4.54353e+08  2.33872e+30  931.499  2.35181e+11  3.05468e+10  7.70242e+31  62981.3
250  1.47441e+10  -4.55728e+08  2.33708e+30  928.738  1.47441e+10  -4.55728e+08  2.33708e+30  928.738  2.33396e+11  3.06309e+10  7.73926e+31  62826
251  1.4639e+10  -4.5716e+08  2.33531e+30  926.039  1.4639e+10  -4.5716e+08  2.33531e+30  926.039  2.3162e+11  3.07149e+10  7.77599e+31  62670.9
252  1.45343e+10  -4.58654e+08  2.33337e+30  923.45  1.45343e+10  -4.58654e+08  2.33337e+30  923.45  2.29853e+11  3.07988e+10  7.81261e+31  62515.9
253  1.44301e+10  -4.59995e+08  2.33132e+30  920.776  1.44301e+10  -4.59995e+08  2.33132e+30  920.776  2.28095e+11  3.08826e+10  7.84912e+31  62361.1
254  1.43265e+10  -4.61388e+08  2.32917e+30  918.01  1.43265e+10  -4.61388e+08  2.32917e+30  918.01  2.26346e+11  3.09664e+10  7.88552e+31  62206.4
255  1.42233e+10  -4.6282e+08  2.32688e+30  915.328  1.42233e+10  -4.6282e+08  2.32688e+30  915.328  2.24606e+11  3.10502e+10  7.92182e+31  62051.9
256  1.41206e+10  -4.64316e+08  2.32442e+30  912.742  1.41206e+10  -4.64316e+08  2.32442e+30  912.742  2.22875e+11  3.11338e+10  7.95801e+31  61897.5
257  1.40184e+10  -4.65687e+08  2.32184e+30  910.091  1.40184e+10  -4.65687e+08  2.32184e+30  910.091  2.21153e+11  3.12175e+10  7.99409e+31  61743.2
258  1.39167e+10  -4.67094e+08  2.31914e+30  907.354  1.39167e+10  -4.67094e+08  2.31914e+30  907.354  2.19439e+11  3.1301e+10  8.03008e+31  61589.1
259  1.38155e+10  -4.68562e+08  2.31631e+30  904.704  1.38155e+10  -4.68562e+08  2.31631e+30  904.704  2.17735e+11  3.13845e+10  8.06595e+31  61435.1
260  1.37147e+10  -4.70099e+08  2.31331e+30  902.172  1.37147e+10  -4.70099e+08  2.31331e+30  902.172  2.16038e+11  3.1468e+10  8.10173e+31  61281.2
261  1.36144e+10  -4.7148e+08  2.31018e+30  899.555  1.36144e+10  -4.7148e+08  2.31018e+30  899.555  2.14351e+11  3.15514e+10  8.13741e+31  61127.5
262  1.35146e+10  -4.72918e+08  2.30694e+30  896.845  1.35146e+10  -4.72918e+08  2.30694e+30  896.845  2.12672e+11  3.16348e+10  8.17298e+31  60973.9
263  1.34152e+10  -4.74421e+08  2.30356e+30  894.243  1.34152e+10  -4.74421e+08  2.30356e+30  894.243  2.11002e+11  3.17182e+10  8.20846e+31  60820.4
264  1.33163e+10  -4.75783e+08  2.30003e+30  891.567  1.33163e+10  -4.75783e+08  2.30003e+30  891.567  2.0934e+11  3.18015e+10  8.24384e+31  60667.1
265  1.32178e+10  -4.77198e+08  2.29642e+30  888.808  1.32178e+10  -4.77198e+08  2.29642e+30  888.808  2.07686e+11  3.18848e+10  8.27912e+31  60513.8
266  1.31199e+10  -4.78654e+08  2.29268e+30  886.133  1.31199e+10  -4.78654e+08  2.29268e+30  886.133  2.06041e+11  3.1968e+10  8.31431e+31  60360.7
267  1.30223e+10  -4.80175e+08  2.28879e+30  883.553  1.30223e+10  -4.80175e+08  2.28879e+30  883.553  2.04405e+11  3.20512e+10  8.3494e+31  60207.7
268  1.29253e+10  -4.81572e+08  2.28477e+30  880.912  1.29253e+10  -4.81572e+08  2.28477e+30  880.912  2.02776e+11  3.21345e+10  8.3844e+31  60054.7
269  1.28286e+10  -4.83005e+08  2.28065e+30  878.187  1.28286e+10  -4.83005e+08  2.28065e+30  878.187  2.01156e+11  3.22177e+10  8.41931e+31  59901.9
270  1.27325e+10  -4.84499e+08  2.2764e+30  875.549  1.27325e+10  -4.84499e+08  2.2764e+30  875.549  1.99544e+11  3.23008e+10  8.45412e+31  59749.2
271  1.26367e+10  -4.86063e+08  2.27199e+30  873.027  1.26367e+10  -4.86063e+08  2.27199e+30  873.027  1.9794e+11  3.2384e+10  8.48885e+31  59596.6
272  1.25414e+10  -4.87479e+08  2.26745e+30  870.425  1.25414e+10  -4.87479e+08  2.26745e+30  870.425  1.96345e+11  3.24672e+10  8.52348e+31  59444.1
273  1.24466e+10  -4.88952e+08  2.26281e+30  867.736  1.24466e+10  -4.88952e+08  2.26281e+30  867.736  1.94757e+11  3.25503e+10  8.55802e+31  59291.7
274  1.23521e+10  -4.9049e+08  2.25802e+30  865.156  1.23521e+10  -4.9049e+08  2.25802e+30  865.156  1.93177e+11  3.26335e+10  8.59248e+31  59139.3
275  1.22582e+10  -4.92082e+08  2.25307e+30  862.68  1.22582e+10  -4.92082e+08  2.25307e+30  862.68  1.91606e+11  3.27166e+10  8.62685e+31  58987.1
276  1.21646e+10  -4.93537e+08  2.24799e+30  860.121  1.21646e+10  -4.93537e+08  2.24799e+30  860.121  1.90042e+11  3.27998e+10  8.66114e+31  58834.9
277  1.20714e+10  -4.95035e+08  2.2428e+30  857.472  1.20714e+10  -4.95035e+08  2.2428e+30  857.472  1.88487e+11  3.28829e+10  8.69534e+31  58682.9
278  1.19787e+10  -4.96601e+08  2.23746e+30  854.919  1.19787e+10  -4.96601e+08  2.23746e+30  854.919  1.86939e+11  3.29661e+10  8.72946e+31  58530.9
279  1.18864e+10  -4.98045e+08  2.23198e+30  852.309  1.18864e+10  -4.98045e+08  2.23198e+30  852.309  1.85399e+11  3.30493e+10  8.76349e+31  58379
280  1.17945e+10  -4.99528e+08  2.22641e+30  849.618  1.17945e+10  -4.99528e+08  2.22641e+30  849.618  1.83867e+11  3.31324e+10  8.79744e+31  58227.1
281  1.1703e+10  -5.01075e+08  2.22071e+30  847.016  1.1703e+10  -5.01075e+08  2.22071e+30  847.016  1.82342e+11  3.32157e+10  8.83132e+31  58075.4
282  1.1612e+10  -5.02696e+08  2.21484e+30  844.535  1.1612e+10  -5.02696e+08  2.21484e+30  844.535  1.80826e+11  3.32989e+10  8.86511e+31  57923.7
283  1.15213e+10  -5.0416e+08  2.20888e+30  841.968  1.15213e+10  -5.0416e+08  2.20888e+30  841.968  1.79317e+11  3.33821e+10  8.89883e+31  57772
284  1.14311e+10  -5.05684e+08  2.20287e+30  839.308  1.14311e+10  -5.05684e+08  2.20287e+30  839.308  1.77815e+11  3.34654e+10  8.93246e+31  57620.5
285  1.13413e+10  -5.07259e+08  2.19669e+30  836.744  1.13413e+10  -5.07259e+08  2.19669e+30  836.744  1.76321e+11  3.35487e+10  8.96602e+31  57469
286  1.12518e+10  -5.08711e+08  2.19036e+30  834.105  1.12518e+10  -5.08711e+08  2.19036e+30  834.105  1.74835e+11  3.36321e+10  8.99949e+31  57317.5
287  1.11628e+10  -5.10219e+08  2.18395e+30  831.399  1.11628e+10  -5.10219e+08  2.18395e+30  831.399  1.73357e+11  3.37154e+10  9.03289e+31  57166.1
288  1.10742e+10  -5.11775e+08  2.17742e+30  828.781  1.10742e+10  -5.11775e+08  2.17742e+30  828.781  1.71886e+11  3.37989e+10  9.0662e+31  57014.8
289  1.0986e+10  -5.13404e+08  2.17074e+30  826.266  1.0986e+10  -5.13404e+08  2.17074e+30  826.266  1.70422e+11  3.38823e+10  9.09943e+31  56863.6
290  1.08982e+10  -5.14887e+08  2.16395e+30  823.676  1.08982e+10  -5.14887e+08  2.16395e+30  823.676  1.68966e+11  3.39658e+10  9.13258e+31  56712.3
291  1.08108e+10  -5.16431e+08  2.15707e+30  821.003  1.08108e+10  -5.16431e+08  2.15707e+30  821.003  1.67517e+11  3.40493e+10  9.16566e+31  56561.2
292  1.07238e+10  -5.18047e+08  2.15006e+30  818.443  1.07238e+10  -5.18047e+08  2.15006e+30  818.443  1.66076e+11  3.41329e+10  9.19865e+31  56410.1
293  1.06372e+10  -5.195e+08  2.14308e+30  815.771  1.06372e+10  -5.195e+08  2.14308e+30  815.771  1.64642e+11  3.42166e+10  9.23158e+31  56259
294  1.0551e+10  -5.2101e+08  2.13602e+30  812.979  1.0551e+10  -5.2101e+08  2.13602e+30  812.979  1.63215e+11  3.43003e+10  9.2644e+31  56108
295  1.04652e+10  -5.2259e+08  2.12879e+30  810.295  1.04652e+10  -5.2259e+08  2.12879e+30  810.295  1.61796e+11  3.4384e+10  9.29713e+31  55957
296  1.03798e+10  -5.24215e+08  2.12142e+30  807.7  1.03798e+10  -5.24215e+08  2.12142e+30  807.7  1.60384e+11  3.44678e+10  9.32975e+31  55806.1
297  1.02948e+10  -5.25712e+08  2.11397e+30  805.008  1.02948e+10  -5.25712e+08  2.11397e+30  805.008  1.58979e+11  3.45517e+10  9.36227e+31  55655.3
298  1.02101e+10  -5.27255e+08  2.10644e+30  802.226  1.02101e+10  -5.27255e+08  2.10644e+30  802.226  1.57581e+11  3.46356e+10  9.3947e+31  55504.5
299  1.01259e+10  -5.2887e+08  2.0988e+30  799.539  1.01259e+10  -5.2887e+08  2.0988e+30  799.539  1.56191e+11  3.47195e+10  9.42699e+31  55353.9
300  1.00422e+10  -5.30367e+08  2.09106e+30  796.793  1.00422e+10  -5.30367e+08  2.09106e+30  796.793  1.5481e+11  3.48034e+10  9.45919e+31  55203.4
301  9.95878e+09  -5.31906e+08  2.08326e+30  793.961  9.95878e+09  -5.31906e+08  2.08326e+30  793.961  1.53435e+11  3.48874e+10  9.49128e+31  55052.9
302  9.87579e+09  -5.33518e+08  2.07537e+30  791.219  9.87579e+09  -5.33518e+08  2.07537e+30  791.219  1.52067e+11  3.49715e+10  9.52328e+31  54902.5
303  9.79312e+09  -5.35002e+08  2.06738e+30  788.403  9.79312e+09  -5.35002e+08  2.06738e+30  788.403  1.50705e+11  3.50558e+10  9.55522e+31  54752.1
304  9.71081e+09  -5.36546e+08  2.05934e+30  785.506  9.71081e+09  -5.36546e+08  2.05934e+30  785.506  1.4935e+11  3.51401e+10  9.58706e+31  54601.6
305  9.62888e+09  -5.38161e+08  2.05123e+30  782.714  9.62888e+09  -5.38161e+08  2.05123e+30  782.714  1.48002e+11  3.52245e+10  9.6188e+31  54451.2
306  9.54733e+09  -5.39838e+08  2.04301e+30  780.022  9.54733e+09  -5.39838e+08  2.04301e+30  780.022  1.46661e+11  3.5309e+10  9.65045e+31  54300.8
307  9.46614e+09  -5.41386e+08  2.03472e+30  777.25  9.46614e+09  -5.41386e+08  2.03472e+30  777.25  1.45326e+11  3.53936e+10  9.682e+31  54150.5
308  9.38533e+09  -5.42985e+08  2.02638e+30  774.392  9.38533e+09  -5.42985e+08  2.02638e+30  774.392  1.43999e+11  3.54783e+10  9.71346e+31  54000.3
309  9.30489e+09  -5.44663e+08  2.01794e+30  771.634  9.30489e+09  -5.44663e+08  2.01794e+30  771.634  1.42678e+11  3.55631e+10  9.74482e+31  53850
310  9.22481e+09  -5.46212e+08  2.00946e+30  768.812  9.22481e+09  -5.46212e+08  2.00946e+30  768.812  1.41365e+11  3.56479e+10  9.77609e+31  53699.9
311  9.14512e+09  -5.4781e+08  2.00094e+30  765.902  9.14512e+09  -5.4781e+08  2.00094e+30  765.902  1.40058e+11  3.57329e+10  9.80726e+31  53549.8
312  9.06579e+09  -5.49488e+08  1.99234e+30  763.089  9.06579e+09  -5.49488e+08  1.99234e+30  763.089  1.38757e+11  3.5818e+10  9.83834e+31  53399.7
313  8.98682e+09  -5.51031e+08  1.98367e+30  760.206  8.98682e+09  -5.51031e+08  1.98367e+30  760.206  1.37464e+11  3.59032e+10  9.86932e+31  53249.6
314  8.90823e+09  -5.52641e+08  1.97498e+30  757.245  8.90823e+09  -5.52641e+08  1.97498e+30  757.245  1.36178e+11  3.59884e+10  9.90021e+31  53099.7
315  8.83001e+09  -5.54332e+08  1.96623e+30  754.397  8.83001e+09  -5.54332e+08  1.96623e+30  754.397  1.34898e+11  3.60738e+10  9.931e+31  52949.7
316  8.75215e+09  -5.55892e+08  1.95742e+30  751.483  8.75215e+09  -5.55892e+08  1.95742e+30  751.483  1.33624e+11  3.61594e+10  9.9617e+31  52799.8
317  8.67465e+09  -5.57521e+08  1.94859e+30  748.496  8.67465e+09  -5.57521e+08  1.94859e+30  748.496  1.32358e+11  3.6245e+10  9.99231e+31  52649.9
318  8.59753e+09  -5.5921e+08  1.93972e+30  745.603  8.59753e+09  -5.5921e+08  1.93972e+30  745.603  1.31098e+11  3.63308e+10  1.00228e+32  52500.1
319  8.52075e+09  -5.60989e+08  1.93076e+30  742.822  8.52075e+09  -5.60989e+08  1.93076e+30  742.822  1.29845e+11  3.64167e+10  1.00532e+32  52350.3
320  8.44432e+09  -5.62619e+08  1.92176e+30  739.967  8.44432e+09  -5.62619e+08  1.92176e+30  739.967  1.28598e+11  3.65027e+10  1.00836e+32  52200.6
321  8.36824e+09  -5.64328e+08  1.91273e+30  737.03  8.36824e+09  -5.64328e+08  1.91273e+30  737.03  1.27358e+11  3.65888e+10  1.01138e+32  52050.8
322  8.29252e+09  -5.66128e+08  1.90362e+30  734.222  8.29252e+09  -5.66128e+08  1.90362e+30  734.222  1.26125e+11  3.66751e+10  1.0144e+32  51901.2
323  8.21714e+09  -5.67782e+08  1.89448e+30  731.341  8.21714e+09  -5.67782e+08  1.89448e+30  731.341  1.24898e+11  3.67616e+10  1.01741e+32  51751.5
324  8.14211e+09  -5.69515e+08  1.88531e+30  728.383  8.14211e+09  -5.69515e+08  1.88531e+30  728.383  1.23677e+11  3.68481e+10  1.0204e+32  51601.9
325  8.06743e+09  -5.71324e+08  1.87607e+30  725.538  8.06743e+09  -5.71324e+08  1.87607e+30  725.538  1.22463e+11  3.69349e+10  1.02339e+32  51452.3
326  7.99309e+09  -5.73003e+08  1.86681e+30  722.623  7.99309e+09  -5.73003e+08  1.86681e+30  722.623  1.21255e+11  3.70218e+10  1.02638e+32  51302.8
327  7.9191e+09  -5.74766e+08  1.85753e+30  719.647  7.9191e+09  -5.74766e+08  1.85753e+30  719.647  1.20054e+11  3.71088e+10  1.02935e+32  51153.2
328  7.84545e+09  -5.76604e+08  1.84819e+30  716.786  7.84545e+09  -5.76604e+08  1.84819e+30  716.786  1.1886e+11  3.7196e+10  1.03231e+32  51003.7
329  7.77214e+09  -5.78315e+08  1.83883e+30  713.855  7.77214e+09  -5.78315e+08  1.83883e+30  713.855  1.17671e+11  3.72834e+10  1.03527e+32  50854.3
330  7.69917e+09  -5.80091e+08  1.82945e+30  710.849  7.69917e+09  -5.80091e+08  1.82945e+30  710.849  1.1649e+11  3.73709e+10  1.03822e+32  50704.8
331  7.62654e+09  -5.81965e+08  1.82002e+30  707.961  7.62654e+09  -5.81965e+08  1.82002e+30  707.961  1.15314e+11  3.74586e+10  1.04116e+32  50555.4
332  7.55424e+09  -5.83692e+08  1.81058e+30  705.008  7.55424e+09  -5.83692e+08  1.81058e+30  705.008  1.14145e+11  3.75465e+10  1.04409e+32  50406
333  7.48229e+09  -5.85505e+08  1.80113e+30  701.985  7.48229e+09  -5.85505e+08  1.80113e+30  701.985  1.12982e+11  3.76346e+10  1.04702e+32  50256.6
334  7.41067e+09  -5.87419e+08  1.79161e+30  699.099  7.41067e+09  -5.87419e+08  1.79161e+30  699.099  1.11825e+11  3.77229e+10  1.04994e+32  50107.3
335  7.33938e+09  -5.89174e+08  1.78207e+30  696.17  7.33938e+09  -5.89174e+08  1.78207e+30  696.17  1.10675e+11  3.78113e+10  1.05285e+32  49957.9
336  7.26842e+09  -5.91018e+08  1.77251e+30  693.196  7.26842e+09  -5.91018e+08  1.77251e+30  693.196  1.09531e+11  3.79e+10  1.05575e+32  49808.6
337  7.1978e+09  -5.92734e+08  1.76294e+30  690.172  7.1978e+09  -5.92734e+08  1.76294e+30  690.172  1.08393e+11  3.79888e+10  1.05864e+32  49659.3
338  7.12753e+09  -5.94528e+08  1.7534e+30  687.091  7.12753e+09  -5.94528e+08  1.7534e+30  687.091  1.07262e+11  3.80779e+10  1.06152e+32  49510
339  7.0576e+09  -5.96395e+08  1.74384e+30  684.126  7.0576e+09  -5.96395e+08  1.74384e+30  684.126  1.06136e+11  3.81671e+10  1.06439e+32  49360.7
340  6.98799e+09  -5.9815e+08  1.73427e+30  681.111  6.98799e+09  -5.9815e+08  1.73427e+30  681.111  1.05017e+11  3.82566e+10  1.06726e+32  49211.3
341  6.91873e+09  -5.99988e+08  1.72472e+30  678.058  6.91873e+09  -5.99988e+08  1.72472e+30  678.058  1.03904e+11  3.83463e+10  1.07012e+32  49062
342  6.8498e+09  -6.01903e+08  1.71515e+30  675.126  6.8498e+09  -6.01903e+08  1.71515e+30  675.126  1.02798e+11  3.84362e+10  1.07297e+32  48912.7
343  6.78119e+09  -6.03691e+08  1.70557e+30  672.184  6.78119e+09  -6.03691e+08  1.70557e+30  672.184  1.01697e+11  3.85263e+10  1.07581e+32  48763.3
344  6.71293e+09  -6.05545e+08  1.69592e+30  669.231  6.71293e+09  -6.05545e+08  1.69592e+30  669.231  1.00602e+11  3.86167e+10  1.07864e+32  48614
345  6.64499e+09  -6.07502e+08  1.68612e+30  666.403  6.64499e+09  -6.07502e+08  1.68612e+30  666.403  9.95139e+10  3.87073e+10  1.08147e+32  48464.6
346  6.57738e+09  -6.09298e+08  1.67623e+30  663.588  6.57738e+09  -6.09298e+08  1.67623e+30  663.588  9.84316e+10  3.87981e+10  1.08428e+32  48315.2
347  6.5101e+09  -6.11188e+08  1.66629e+30  660.778  6.5101e+09  -6.11188e+08  1.66629e+30  660.778  9.73553e+10  3.88892e+10  1.08708e+32  48165.7
348  6.44315e+09  -6.13169e+08  1.65624e+30  658.087  6.44315e+09  -6.13169e+08  1.65624e+30  658.087  9.62851e+10  3.89805e+10  1.08988e+32  48016.2
349  6.37652e+09  -6.15023e+08  1.64614e+30  655.328  6.37652e+09  -6.15023e+08  1.64614e+30  655.328  9.5221e+10  3.9072e+10  1.09267e+32  47866.6
350  6.31023e+09  -6.16961e+08  1.63597e+30  652.499  6.31023e+09  -6.16961e+08  1.63597e+30  652.499  9.41628e+10  3.91638e+10  1.09545e+32  47717
351  6.24756e+09  -6.18604e+08  1.62677e+30  649.753  6.24756e+09  -6.18604e+08  1.62677e+30  649.753  9.31634e+10  3.92466e+10  1.09794e+32  47574.8
352  6.18847e+09  -6.2032e+08  1.61756e+30  647.1  6.18847e+09  -6.2032e+08  1.61756e+30  647.1  9.22216e+10  3.93297e+10  1.10043e+32  47440.1
353  6.12964e+09  -6.22105e+08  1.6083e+30  644.536  6.12964e+09  -6.22105e+08  1.6083e+30  644.536  9.12846e+10  3.94129e+10  1.10291e+32  47305.3
354  6.07107e+09  -6.23778e+08  1.599e+30  641.919  6.07107e+09  -6.23778e+08  1.599e+30  641.919  9.03525e+10  3.94964e+10  1.10539e+32  47170.5
355  6.01278e+09  -6.25509e+08  1.58968e+30  639.248  6.01278e+09  -6.25509e+08  1.58968e+30  639.248  8.94251e+10  3.95801e+10  1.10785e+32  47035.6
356  5.92573e+09  -6.29251e+08  1.5708e+30  635.428  5.92573e+09  -6.29251e+08  1.5708e+30  635.428  8.80414e+10  3.97482e+10  1.11277e+32  46833
357  5.83943e+09  -6.31017e+08  1.56129e+30  631.613  5.83943e+09  -6.31017e+08  1.56129e+30  631.613  8.6672e+10  3.98326e+10  1.11522e+32  46630.8
358  5.78217e+09  -6.32875e+08  1.55173e+30  629.043  5.78217e+09  -6.32875e+08  1.55173e+30  629.043  8.57638e+10  3.99172e+10  1.11766e+32  46495.7
359  5.69665e+09  -6.36411e+08  1.53249e+30  625.137  5.69665e+09  -6.36411e+08  1.53249e+30  625.137  8.44088e+10  4.00873e+10  1.12252e+32  46292.8
360  5.61192e+09  -6.38303e+08  1.5228e+30  621.219  5.61192e+09  -6.38303e+08  1.5228e+30  621.219  8.3068e+10  4.01727e+10  1.12494e+32  46090.2
361  5.55565e+09  -6.4008e+08  1.51307e+30  618.572  5.55565e+09  -6.4008e+08  1.51307e+30  618.572  8.21783e+10  4.02584e+10  1.12736e+32  45954.9
362  5.47159e+09  -6.43877e+08  1.49353e+30  614.551  5.47159e+09  -6.43877e+08  1.49353e+30  614.551  8.08502e+10  4.04307e+10  1.13217e+32  45751.4
363  5.38829e+09  -6.45707e+08  1.48372e+30  610.534  5.38829e+09  -6.45707e+08  1.48372e+30  610.534  7.95363e+10  4.05173e+10  1.13457e+32  45548.3
364  5.33306e+09  -6.47612e+08  1.47391e+30  607.828  5.33306e+09  -6.47612e+08  1.47391e+30  607.828  7.86655e+10  4.0604e+10  1.13695e+32  45412.7
365  5.25063e+09  -6.51297e+08  1.45423e+30  603.73  5.25063e+09  -6.51297e+08  1.45423e+30  603.73  7.73672e+10  4.07783e+10  1.14171e+32  45209.1
366  5.14176e+09  -6.54941e+08  1.43455e+30  598.034  5.14176e+09  -6.54941e+08  1.43455e+30  598.034  7.56549e+10  4.09538e+10  1.14644e+32  44937.8
367  5.06089e+09  -6.56876e+08  1.4247e+30  593.887  5.06089e+09  -6.56876e+08  1.4247e+30  593.887  7.43847e+10  4.1042e+10  1.1488e+32  44734.4
368  4.98041e+09  -6.60641e+08  1.40482e+30  589.813  4.98041e+09  -6.60641e+08  1.40482e+30  589.813  7.31214e+10  4.12194e+10  1.15348e+32  44530.3
369  4.87942e+09  -6.64338e+08  1.38687e+30  584.844  4.87942e+09  -6.64338e+08  1.38687e+30  584.844  7.15386e+10  4.13801e+10  1.15768e+32  44271.8
370  4.78453e+09  -6.6792e+08  1.3688e+30  580.389  4.78453e+09  -6.6792e+08  1.3688e+30  580.389  7.00539e+10  4.15419e+10  1.16185e+32  44026.5
371  4.69045e+09  -6.71424e+08  1.35067e+30  575.797  4.69045e+09  -6.71424e+08  1.35067e+30  575.797  6.85841e+10  4.17049e+10  1.16599e+32  43780.7
372  4.59721e+09  -6.75263e+08  1.33243e+30  571.314  4.59721e+09  -6.75263e+08  1.33243e+30  571.314  6.71292e+10  4.18689e+10  1.17011e+32  43534.4
373  4.5279e+09  -6.77102e+08  1.3233e+30  567.981  4.5279e+09  -6.77102e+08  1.3233e+30  567.981  6.60496e+10  4.19513e+10  1.17216e+32  43349.8
374  4.48193e+09  -6.79022e+08  1.31414e+30  565.728  4.48193e+09  -6.79022e+08  1.31414e+30  565.728  6.53343e+10  4.20339e+10  1.1742e+32  43226.5
375  4.41328e+09  -6.8272e+08  1.2958e+30  562.299  4.41328e+09  -6.8272e+08  1.2958e+30  562.299  6.42668e+10  4.22001e+10  1.17827e+32  43041.2
376  4.3225e+09  -6.86337e+08  1.27739e+30  557.503  4.3225e+09  -6.86337e+08  1.27739e+30  557.503  6.28573e+10  4.23678e+10  1.18232e+32  42793.8
377  4.2325e+09  -6.90301e+08  1.25892e+30  552.844  4.2325e+09  -6.90301e+08  1.25892e+30  552.844  6.14616e+10  4.25367e+10  1.18634e+32  42545.7
378  4.14328e+09  -6.94181e+08  1.24039e+30  548.283  4.14328e+09  -6.94181e+08  1.24039e+30  548.283  6.00807e+10  4.2707e+10  1.19035e+32  42297.2
379  4.05487e+09  -6.97996e+08  1.22185e+30  543.515  4.05487e+09  -6.97996e+08  1.22185e+30  543.515  5.87145e+10  4.28786e+10  1.19433e+32  42048.2
380  3.96728e+09  -7.01764e+08  1.20336e+30  538.57  3.96728e+09  -7.01764e+08  1.20336e+30  538.57  5.7363e+10  4.30516e+10  1.19829e+32  41798.7
381  3.88052e+09  -7.05496e+08  1.18487e+30  533.512  3.88052e+09  -7.05496e+08  1.18487e+30  533.512  5.60261e+10  4.32261e+10  1.20222e+32  41548.7
382  3.79891e+09  -7.09193e+08  1.16826e+30  528.885  3.79891e+09  -7.09193e+08  1.16826e+30  528.885  5.477e+10  4.33843e+10  1.20575e+32  41310.8
383  3.72225e+09  -7.12809e+08  1.15165e+30  524.578  3.72225e+09  -7.12809e+08  1.15165e+30  524.578  5.35921e+10  4.35438e+10  1.20925e+32  41084.9
384  3.64624e+09  -7.16363e+08  1.13509e+30  520.058  3.64624e+09  -7.16363e+08  1.13509e+30  520.058  5.24259e+10  4.37045e+10  1.21274e+32  40858.6
385  3.57091e+09  -7.20261e+08  1.11852e+30  515.632  3.57091e+09  -7.20261e+08  1.11852e+30  515.632  5.12714e+10  4.38666e+10  1.21621e+32  40631.8
386  3.49621e+09  -7.24082e+08  1.10199e+30  511.278  3.49621e+09  -7.24082e+08  1.10199e+30  511.278  5.01287e+10  4.403e+10  1.21966e+32  40404.5
387  3.42216e+09  -7.27875e+08  1.08553e+30  506.734  3.42216e+09  -7.27875e+08  1.08553e+30  506.734  4.89978e+10  4.41949e+10  1.2231e+32  40176.8
388  3.34877e+09  -7.31622e+08  1.06918e+30  502.02  3.34877e+09  -7.31622e+08  1.06918e+30  502.02  4.78785e+10  4.43611e+10  1.22652e+32  39948.6
389  3.27604e+09  -7.35392e+08  1.05296e+30  497.293  3.27604e+09  -7.35392e+08  1.05296e+30  497.293  4.67709e+10  4.45289e+10  1.22993e+32  39719.9
390  3.20398e+09  -7.39528e+08  1.03686e+30  492.867  3.20398e+09  -7.39528e+08  1.03686e+30  492.867  4.56749e+10  4.46982e+10  1.23331e+32  39490.6
391  3.13255e+09  -7.43614e+08  1.02086e+30  488.575  3.13255e+09  -7.43614e+08  1.02086e+30  488.575  4.45907e+10  4.48692e+10  1.23668e+32  39260.7
392  3.06531e+09  -7.47242e+08  1.00658e+30  484.343  3.06531e+09  -7.47242e+08  1.00658e+30  484.343  4.35716e+10  4.50245e+10  1.2397e+32  39041.6
393  3.00213e+09  -7.50844e+08  9.92458e+29  480.205  3.00213e+09  -7.50844e+08  9.92458e+29  480.205  4.26155e+10  4.51811e+10  1.2427e+32  38833.5
394  2.93949e+09  -7.54773e+08  9.7845e+29  476.196  2.93949e+09  -7.54773e+08  9.7845e+29  476.196  4.16689e+10  4.53392e+10  1.24568e+32  38624.8
395  2.87737e+09  -7.5863e+08  9.64553e+29  472.275  2.87737e+09  -7.5863e+08  9.64553e+29  472.275  4.07316e+10  4.54988e+10  1.24865e+32  38415.4
396  2.81578e+09  -7.62424e+08  9.50558e+29  468.271  2.81578e+09  -7.62424e+08  9.50558e+29  468.271  3.98038e+10  4.56599e+10  1.25161e+32  38205.5
397  2.75472e+09  -7.66205e+08  9.36624e+29  464.257  2.75472e+09  -7.66205e+08  9.36624e+29  464.257  3.88854e+10  4.58225e+10  1.25455e+32  37994.9
398  2.6942e+09  -7.69961e+08  9.22779e+29  460.144  2.6942e+09  -7.69961e+08  9.22779e+29  460.144  3.79764e+10  4.59867e+10  1.25747e+32  37783.7
399  2.63422e+09  -7.74066e+08  9.09025e+29  456.122  2.63422e+09  -7.74066e+08  9.09025e+29  456.122  3.70768e+10  4.61526e+10  1.26038e+32  37571.7
400  2.57477e+09  -7.78132e+08  8.95335e+29  452.173  2.57477e+09  -7.78132e+08  8.95335e+29  452.173  3.61866e+10  4.63202e+10  1.26328e+32  37358.9
401  2.51586e+09  -7.8216e+08  8.81669e+29  448.097  2.51586e+09  -7.8216e+08  8.81669e+29  448.097  3.53058e+10  4.64895e+10  1.26616e+32  37145.5
402  2.46039e+09  -7.85754e+08  8.69431e+29  444.127  2.46039e+09  -7.85754e+08  8.69431e+29  444.127  3.44778e+10  4.66434e+10  1.26875e+32  36942
403  2.40828e+09  -7.89717e+08  8.57218e+29  440.497  2.40828e+09  -7.89717e+08  8.57218e+29  440.497  3.37009e+10  4.67989e+10  1.27132e+32  36748.6
404  2.35659e+09  -7.93612e+08  8.45031e+29  436.96  2.35659e+09  -7.93612e+08  8.45031e+29  436.96  3.29316e+10  4.69559e+10  1.27388e+32  36554.4
405  2.30533e+09  -7.97458e+08  8.32907e+29  433.25  2.30533e+09  -7.97458e+08  8.32907e+29  433.25  3.217e+10  4.71145e+10  1.27643e+32  36359.7
406  2.25455e+09  -8.01263e+08  8.20901e+29  429.389  2.25455e+09  -8.01263e+08  8.20901e+29  429.389  3.14166e+10  4.72745e+10  1.27896e+32  36164.4
407  2.20426e+09  -8.05075e+08  8.09015e+29  425.413  2.20426e+09  -8.05075e+08  8.09015e+29  425.413  3.06715e+10  4.74361e+10  1.28149e+32  35968.7
408  2.15438e+09  -8.09268e+08  7.97198e+29  421.57  2.15438e+09  -8.09268e+08  7.97198e+29  421.57  2.99333e+10  4.75998e+10  1.284e+32  35772
409  2.10487e+09  -8.13431e+08  7.85468e+29  417.841  2.10487e+09  -8.13431e+08  7.85468e+29  417.841  2.92021e+10  4.77652e+10  1.28651e+32  35574.6
410  2.05581e+09  -8.17586e+08  7.73744e+29  414.055  2.05581e+09  -8.17586e+08  7.73744e+29  414.055  2.84785e+10  4.79325e+10  1.28901e+32  35376.3
411  2.00718e+09  -8.21719e+08  7.62054e+29  410.347  2.00718e+09  -8.21719e+08  7.62054e+29  410.347  2.77626e+10  4.81017e+10  1.29149e+32  35177.3
412  1.96141e+09  -8.25446e+08  7.51574e+29  406.83  1.96141e+09  -8.25446e+08  7.51574e+29  406.83  2.70897e+10  4.82557e+10  1.29371e+32  34987.5
413  1.91841e+09  -8.29144e+08  7.41162e+29  403.361  1.91841e+09  -8.29144e+08  7.41162e+29  403.361  2.64585e+10  4.84114e+10  1.29592e+32  34806.8
414  1.87582e+09  -8.33176e+08  7.30833e+29  399.96  1.87582e+09  -8.33176e+08  7.30833e+29  399.96  2.5834e+10  4.85684e+10  1.29812e+32  34625.5
415  1.83363e+09  -8.37167e+08  7.20422e+29  396.641  1.83363e+09  -8.37167e+08  7.20422e+29  396.641  2.52164e+10  4.87272e+10  1.3003e+32  34443.7
416  1.79175e+09  -8.41162e+08  7.09947e+29  393.3  1.79175e+09  -8.41162e+08  7.09947e+29  393.3  2.46043e+10  4.88881e+10  1.30248e+32  34261
417  1.7502e+09  -8.45137e+08  6.99435e+29  389.952  1.7502e+09  -8.45137e+08  6.99435e+29  389.952  2.39979e+10  4.90508e+10  1.30465e+32  34077.2
418  1.70902e+09  -8.49106e+08  6.88903e+29  386.52  1.70902e+09  -8.49106e+08  6.88903e+29  386.52  2.33977e+10  4.92154e+10  1.30681e+32  33892.5
419  1.66821e+09  -8.53075e+08  6.78354e+29  383.051  1.66821e+09  -8.53075e+08  6.78354e+29  383.051  2.28037e+10  4.93821e+10  1.30895e+32  33706.9
420  1.62982e+09  -8.56982e+08  6.68776e+29  379.929  1.62982e+09  -8.56982e+08  6.68776e+29  379.929  2.22457e+10  4.95336e+10  1.31087e+32  33529.9
421  1.59377e+09  -8.60864e+08  6.59096e+29  377.125  1.59377e+09  -8.60864e+08  6.59096e+29  377.125  2.17225e+10  4.96867e+10  1.31278e+32  33361.5
422  1.55798e+09  -8.64721e+08  6.4931e+29  374.25  1.55798e+09  -8.64721e+08  6.4931e+29  374.25  2.12038e+10  4.9842e+10  1.31468e+32  33192
423  1.52245e+09  -8.6856e+08  6.39454e+29  371.256  1.52245e+09  -8.6856e+08  6.39454e+29  371.256  2.06896e+10  4.99991e+10  1.31658e+32  33021.4
424  1.48727e+09  -8.72411e+08  6.29562e+29  368.181  1.48727e+09  -8.72411e+08  6.29562e+29  368.181  2.0181e+10  5.01577e+10  1.31846e+32  32850.2
425  1.45244e+09  -8.76639e+08  6.19584e+29  365.244  1.45244e+09  -8.76639e+08  6.19584e+29  365.244  1.96781e+10  5.03182e+10  1.32033e+32  32678.2
426  1.41786e+09  -8.80857e+08  6.0948e+29  362.408  1.41786e+09  -8.80857e+08  6.0948e+29  362.408  1.91797e+10  5.0481e+10  1.32219e+32  32505.1
427  1.38354e+09  -8.85068e+08  5.99292e+29  359.46  1.38354e+09  -8.85068e+08  5.99292e+29  359.46  1.86859e+10  5.06458e+10  1.32405e+32  32330.9
428  1.35125e+09  -8.8884e+08  5.9008e+29  356.56  1.35125e+09  -8.8884e+08  5.9008e+29  356.56  1.8222e+10  5.07958e+10  1.32571e+32  32164.6
429  1.32094e+09  -8.92616e+08  5.80819e+29  353.735  1.32094e+09  -8.92616e+08  5.80819e+29  353.735  1.77869e+10  5.09475e+10  1.32736e+32  32006.3
430  1.29087e+09  -8.96374e+08  5.71532e+29  350.823  1.29087e+09  -8.96374e+08  5.71532e+29  350.823  1.73561e+10  5.1101e+10  1.32901e+32  31847.2
431  1.26106e+09  -9.006e+08  5.62048e+29  348.308  1.26106e+09  -9.006e+08  5.62048e+29  348.308  1.69294e+10  5.12563e+10  1.33065e+32  31687.3
432  1.2315e+09  -9.04821e+08  5.52478e+29  346.167  1.2315e+09  -9.04821e+08  5.52478e+29  346.167  1.65068e+10  5.14137e+10  1.33228e+32  31526.3
433  1.20217e+09  -9.09122e+08  5.42867e+29  344.176  1.20217e+09  -9.09122e+08  5.42867e+29  344.176  1.60885e+10  5.15731e+10  1.3339e+32  31364.1
434  1.1731e+09  -9.13512e+08  5.33104e+29  342.511  1.1731e+09  -9.13512e+08  5.33104e+29  342.511  1.56743e+10  5.17346e+10  1.33551e+32  31200.3
435  1.15147e+09  -9.15665e+08  5.28164e+29  341.299  1.15147e+09  -9.15665e+08  5.28164e+29  341.299  1.53669e+10  5.18162e+10  1.33631e+32  31076.7
436  1.13712e+09  -9.17923e+08  5.23189e+29  340.5  1.13712e+09  -9.17923e+08  5.23189e+29  340.5  1.51629e+10  5.18984e+10  1.3371e+32  30993.7
437  1.11712e+09  -9.21902e+08  5.1414e+29  339.383  1.11712e+09  -9.21902e+08  5.1414e+29  339.383  1.4879e+10  5.20477e+10  1.33853e+32  30876.7
438  1.09162e+09  -9.25859e+08  5.04989e+29  337.817  1.09162e+09  -9.25859e+08  5.04989e+29  337.817  1.45175e+10  5.21989e+10  1.33995e+32  30725.2
439  1.06632e+09  -9.30176e+08  4.95696e+29  336.333  1.06632e+09  -9.30176e+08  4.95696e+29  336.333  1.41594e+10  5.23521e+10  1.34136e+32  30572.3
440  1.04122e+09  -9.34485e+08  4.8626e+29  334.948  1.04122e+09  -9.34485e+08  4.8626e+29  334.948  1.38047e+10  5.25073e+10  1.34276e+32  30418.1
441  1.01629e+09  -9.3882e+08  4.76664e+29  333.489  1.01629e+09  -9.3882e+08  4.76664e+29  333.489  1.3453e+10  5.2665e+10  1.34416e+32  30262.2
442  9.91538e+08  -9.43154e+08  4.66944e+29  331.946  9.91538e+08  -9.43154e+08  4.66944e+29  331.946  1.31044e+10  5.2825e+10  1.34554e+32  30104.5
443  9.73145e+08  -9.45268e+08  4.62057e+29  330.69  9.73145e+08  -9.45268e+08  4.62057e+29  330.69  1.28457e+10  5.29055e+10  1.34623e+32  29985.6
444  9.60959e+08  -9.47488e+08  4.57146e+29  329.856  9.60959e+08  -9.47488e+08  4.57146e+29  329.856  1.26745e+10  5.29867e+10  1.34692e+32  29905.9
445  9.42757e+08  -9.51835e+08  4.47243e+29  328.604  9.42757e+08  -9.51835e+08  4.47243e+29  328.604  1.24189e+10  5.31507e+10  1.34828e+32  29785.4
446  9.25322e+08  -9.53949e+08  4.4275e+29  327.437  9.25322e+08  -9.53949e+08  4.4275e+29  327.437  1.21745e+10  5.32252e+10  1.34889e+32  29668.4
447  9.03776e+08  -9.60249e+08  4.29109e+29  326.059  9.03776e+08  -9.60249e+08  4.29109e+29  326.059  1.18727e+10  5.34517e+10  1.3507e+32  29521.5
448  8.82469e+08  -9.62346e+08  4.24505e+29  324.57  8.82469e+08  -9.62346e+08  4.24505e+29  324.57  1.15749e+10  5.35285e+10  1.35131e+32  29373.8
449  8.71834e+08  -9.64365e+08  4.1988e+29  323.747  8.71834e+08  -9.64365e+08  4.1988e+29  323.747  1.14264e+10  5.36057e+10  1.35191e+32  29299.2
450  8.5067e+08  -9.71014e+08  4.05884e+29  322.154  8.5067e+08  -9.71014e+08  4.05884e+29  322.154  1.1131e+10  5.38405e+10  1.35369e+32  29148.5
451  8.2978e+08  -9.73246e+08  4.01176e+29  320.674  8.2978e+08  -9.73246e+08  4.01176e+29  320.674  1.08402e+10  5.39197e+10  1.35429e+32  28997.2
452  8.142e+08  -9.77632e+08  3.91699e+29  319.485  8.142e+08  -9.77632e+08  3.91699e+29  319.485  1.06235e+10  5.40798e+10  1.35546e+32  28882.5
453  7.98737e+08  -9.79792e+08  3.86919e+29  318.182  7.98737e+08  -9.79792e+08  3.86919e+29  318.182  1.04088e+10  5.4161e+10  1.35605e+32  28767.2
454  7.83311e+08  -9.84478e+08  3.77293e+29  316.924  7.83311e+08  -9.84478e+08  3.77293e+29  316.924  1.01947e+10  5.43251e+10  1.35721e+32  28650.4
455  7.68016e+08  -9.86775e+08  3.72448e+29  315.707  7.68016e+08  -9.86775e+08  3.72448e+29  315.707  9.98279e+09  5.44081e+10  1.35779e+32  28533.1
456  7.53831e+08  -9.90837e+08  3.63707e+29  314.465  7.53831e+08  -9.90837e+08  3.63707e+29  314.465  9.78643e+09  5.45587e+10  1.35883e+32  28422.7
457  7.35759e+08  -9.94896e+08  3.54924e+29  312.765  7.35759e+08  -9.94896e+08  3.54924e+29  312.765  9.53661e+09  5.47113e+10  1.35986e+32  28279.9
458  7.17806e+08  -9.9909e+08  3.45997e+29  311.189  7.17806e+08  -9.9909e+08  3.45997e+29  311.189  9.28875e+09  5.48667e+10  1.36088e+32  28135.4
459  7.0443e+08  -1.00134e+09  3.41521e+29  310.214  7.0443e+08  -1.00134e+09  3.41521e+29  310.214  9.10435e+09  5.49452e+10  1.36139e+32  28026
460  6.9555e+08  -1.00352e+09  3.37027e+29  309.58  6.9555e+08  -1.00352e+09  3.37027e+29  309.58  8.98201e+09  5.50243e+10  1.3619e+32  27952.5
461  6.82314e+08  -1.00822e+09  3.28019e+29  308.678  6.82314e+08  -1.00822e+09  3.28019e+29  308.678  8.79982e+09  5.51839e+10  1.3629e+32  27841.5
462  6.69202e+08  -1.01052e+09  3.23492e+29  307.811  6.69202e+08  -1.01052e+09  3.23492e+29  307.811  8.61965e+09  5.52645e+10  1.3634e+32  27730
463  6.60497e+08  -1.01296e+09  3.18942e+29  307.244  6.60497e+08  -1.01296e+09  3.18942e+29  307.244  8.50013e+09  5.53458e+10  1.3639e+32  27655
464  6.48339e+08  -1.01725e+09  3.10687e+29  306.451  6.48339e+08  -1.01725e+09  3.10687e+29  306.451  8.33338e+09  5.54942e+10  1.3648e+32  27548.9
465  6.32814e+08  -1.02153e+09  3.02385e+29  305.295  6.32814e+08  -1.02153e+09  3.02385e+29  305.295  8.12076e+09  5.56447e+10  1.36569e+32  27411.3
466  6.17411e+08  -1.02585e+09  2.94044e+29  304.069  6.17411e+08  -1.02585e+09  2.94044e+29  304.069  7.91013e+09  5.57974e+10  1.36657e+32  27272.1
467  6.02131e+08  -1.03019e+09  2.8567e+29  302.78  6.02131e+08  -1.03019e+09  2.8567e+29  302.78  7.7015e+09  5.59524e+10  1.36745e+32  27131.4
468  5.86976e+08  -1.03454e+09  2.77272e+29  301.415  5.86976e+08  -1.03454e+09  2.77272e+29  301.415  7.49486e+09  5.61098e+10  1.36832e+32  26989.1
469  5.71948e+08  -1.03894e+09  2.68857e+29  299.981  5.71948e+08  -1.03894e+09  2.68857e+29  299.981  7.29025e+09  5.62696e+10  1.36919e+32  26845.2
470  5.57075e+08  -1.04343e+09  2.60433e+29  298.533  5.57075e+08  -1.04343e+09  2.60433e+29  298.533  7.08803e+09  5.64313e+10  1.37004e+32  26699.8
471  5.42357e+08  -1.04838e+09  2.51961e+29  297.267  5.42357e+08  -1.04838e+09  2.51961e+29  297.267  6.88821e+09  5.65956e+10  1.37089e+32  26553
472  5.28472e+08  -1.05287e+09  2.44262e+29  296.17  5.28472e+08  -1.05287e+09  2.44262e+29  296.17  6.70005e+09  5.67462e+10  1.37166e+32  26411.7
473  5.15399e+08  -1.05737e+09  2.36522e+29  295.042  5.15399e+08  -1.05737e+09  2.36522e+29  295.042  6.52319e+09  5.68991e+10  1.37241e+32  26276.1
474  5.02429e+08  -1.06189e+09  2.28735e+29  293.827  5.02429e+08  -1.06189e+09  2.28735e+29  293.827  6.34799e+09  5.70543e+10  1.37316e+32  26139
475  4.89564e+08  -1.06654e+09  2.20914e+29  292.572  4.89564e+08  -1.06654e+09  2.20914e+29  292.572  6.17446e+09  5.7212e+10  1.37391e+32  26000.2
476  4.76802e+08  -1.07123e+09  2.13054e+29  291.28  4.76802e+08  -1.07123e+09  2.13054e+29  291.28  6.00262e+09  5.73722e+10  1.37465e+32  25859.9
477  4.64147e+08  -1.07598e+09  2.05163e+29  289.922  4.64147e+08  -1.07598e+09  2.05163e+29  289.922  5.83248e+09  5.75351e+10  1.37539e+32  25717.8
478  4.52222e+08  -1.0803e+09  1.98031e+29  288.569  4.52222e+08  -1.0803e+09  1.98031e+29  288.569  5.67242e+09  5.7684e+10  1.37605e+32  25581.3
479  4.4101e+08  -1.08468e+09  1.90879e+29  287.237  4.4101e+08  -1.08468e+09  1.90879e+29  287.237  5.52214e+09  5.78352e+10  1.3767e+32  25450.4
480  4.29886e+08  -1.08908e+09  1.83713e+29  285.845  4.29886e+08  -1.08908e+09  1.83713e+29  285.845  5.37326e+09  5.79888e+10  1.37735e+32  25318.1
481  4.18852e+08  -1.09357e+09  1.76538e+29  284.478  4.18852e+08  -1.09357e+09  1.76538e+29  284.478  5.22578e+09  5.81449e+10  1.378e+32  25184.2
482  4.07907e+08  -1.09827e+09  1.69352e+29  283.441  4.07907e+08  -1.09827e+09  1.69352e+29  283.441  5.0797e+09  5.83035e+10  1.37864e+32  25048.7
483  3.97051e+08  -1.10303e+09  1.62169e+29  282.642  3.97051e+08  -1.10303e+09  1.62169e+29  282.642  4.93505e+09  5.84648e+10  1.37928e+32  24911.3
484  3.86286e+08  -1.10788e+09  1.54992e+29  281.813  3.86286e+08  -1.10788e+09  1.54992e+29  281.813  4.79182e+09  5.8629e+10  1.37991e+32  24771.8
485  3.75611e+08  -1.1128e+09  1.47824e+29  280.954  3.75611e+08  -1.1128e+09  1.47824e+29  280.954  4.65003e+09  5.87961e+10  1.38054e+32  24630.2
486  3.65565e+08  -1.11729e+09  1.41407e+29  280.061  3.65565e+08  -1.11729e+09  1.41407e+29  280.061  4.51679e+09  5.89488e+10  1.3811e+32  24493.8
487  3.56131e+08  -1.12223e+09  1.35005e+29  279.308  3.56131e+08  -1.12223e+09  1.35005e+29  279.308  4.39185e+09  5.91041e+10  1.38166e+32  24362.9
488  3.47249e+08  -1.12672e+09  1.29267e+29  278.674  3.47249e+08  -1.12672e+09  1.29267e+29  278.674  4.27443e+09  5.92457e+10  1.38215e+32  24237
489  3.38906e+08  -1.1312e+09  1.23543e+29  277.965  3.38906e+08  -1.1312e+09  1.23543e+29  277.965  4.16432e+09  5.93894e+10  1.38265e+32  24116.3
490  3.30599e+08  -1.13573e+09  1.17812e+29  277.138  3.30599e+08  -1.13573e+09  1.17812e+29  277.138  4.05486e+09  5.95363e+10  1.38314e+32  23993.7
491  3.2233e+08  -1.14034e+09  1.12131e+29  276.134  3.2233e+08  -1.14034e+09  1.12131e+29  276.134  3.94606e+09  5.96855e+10  1.38363e+32  23869.2
492  3.14124e+08  -1.14503e+09  1.06512e+29  274.975  3.14124e+08  -1.14503e+09  1.06512e+29  274.975  3.83825e+09  5.98372e+10  1.38412e+32  23743.2
493  3.0598e+08  -1.14976e+09  1.00957e+29  273.741  3.0598e+08  -1.14976e+09  1.00957e+29  273.741  3.73143e+09  5.99915e+10  1.3846e+32  23615.5
494  2.97923e+08  -1.15451e+09  9.55006e+28  272.438  2.97923e+08  -1.15451e+09  9.55006e+28  272.438  3.62591e+09  6.01475e+10  1.38508e+32  23486.6
495  2.89952e+08  -1.15934e+09  9.01604e+28  270.964  2.89952e+08  -1.15934e+09  9.01604e+28  270.964  3.52169e+09  6.03062e+10  1.38556e+32  23356.3
496  2.82023e+08  -1.16428e+09  8.49101e+28  269.288  2.82023e+08  -1.16428e+09  8.49101e+28  269.288  3.41816e+09  6.04686e+10  1.38604e+32  23224.1
497  2.74136e+08  -1.16935e+09  7.9783e+28  267.535  2.74136e+08  -1.16935e+09  7.9783e+28  267.535  3.31536e+09  6.0634e+10  1.38651e+32  23089.7
498  2.66316e+08  -1.17452e+09  7.47839e+28  265.723  2.66316e+08  -1.17452e+09  7.47839e+28  265.723  3.21358e+09  6.08025e+10  1.38699e+32  22953.7
499  2.58562e+08  -1.17981e+09  6.99177e+28  263.834  2.58562e+08  -1.17981e+09  6.99177e+28  263.834  3.11284e+09  6.09741e+10  1.38746e+32  22815.9
500  2.51268e+08  -1.18466e+09  6.56678e+28  261.967  2.51268e+08  -1.18466e+09  6.56678e+28  261.967  3.01823e+09  6.11311e+10  1.38788e+32  22683.5
501  2.44422e+08  -1.18959e+09  6.15361e+28  260.116  2.44422e+08  -1.18959e+09  6.15361e+28  260.116  2.92956e+09  6.12908e+10  1.38829e+32  22556.7
502  2.37974e+08  -1.19428e+09  5.78906e+28  258.503  2.37974e+08  -1.19428e+09  5.78906e+28  258.503  2.84619e+09  6.14368e+10  1.38867e+32  22435
503  2.31915e+08  -1.19906e+09  5.43631e+28  257.069  2.31915e+08  -1.19906e+09  5.43631e+28  257.069  2.76795e+09  6.15852e+10  1.38904e+32  22318.4
504  2.22892e+08  -1.2095e+09  4.7665e+28  255.116  2.22892e+08  -1.2095e+09  4.7665e+28  255.116  2.65164e+09  6.18903e+10  1.38978e+32  22140.2
505  2.13978e+08  -1.21467e+09  4.44682e+28  253.284  2.13978e+08  -1.21467e+09  4.44682e+28  253.284  2.53717e+09  6.20482e+10  1.39016e+32  21958.6
506  2.08054e+08  -1.21995e+09  4.13994e+28  251.916  2.08054e+08  -1.21995e+09  4.13994e+28  251.916  2.46122e+09  6.22091e+10  1.39053e+32  21834.6
507  1.99278e+08  -1.23131e+09  3.56669e+28  249.975  1.99278e+08  -1.23131e+09  3.56669e+28  249.975  2.34892e+09  6.25381e+10  1.39126e+32  21645.5
508  1.90659e+08  -1.23699e+09  3.30184e+28  247.954  1.90659e+08  -1.23699e+09  3.30184e+28  247.954  2.23905e+09  6.27075e+10  1.39163e+32  21453.5
509  1.8496e+08  -1.24285e+09  3.05154e+28  246.452  1.8496e+08  -1.24285e+09  3.05154e+28  246.452  2.16655e+09  6.28805e+10  1.392e+32  21322.7
510  1.77039e+08  -1.25342e+09  2.63756e+28  244.191  1.77039e+08  -1.25342e+09  2.63756e+28  244.191  2.06597e+09  6.32018e+10  1.39266e+32  21135.7
511  1.67008e+08  -1.26451e+09  2.27578e+28  241.052  1.67008e+08  -1.26451e+09  2.27578e+28  241.052  1.93904e+09  6.35359e+10  1.39331e+32  20889.3
512  1.57138e+08  -1.27628e+09  1.96713e+28  237.851  1.57138e+08  -1.27628e+09  1.96713e+28  237.851  1.81459e+09  6.38842e+10  1.39396e+32  20635.4
513  1.47887e+08  -1.28769e+09  1.73313e+28  234.881  1.47887e+08  -1.28769e+09  1.73313e+28  234.881  1.69838e+09  6.4213e+10  1.39454e+32  20386.1
514  1.39264e+08  -1.29965e+09  1.5138e+28  232.125  1.39264e+08  -1.29965e+09  1.5138e+28  232.125  1.59048e+09  6.45525e+10  1.39512e+32  20142.7
515  1.30814e+08  -1.31181e+09  1.29943e+28  230.194  1.30814e+08  -1.31181e+09  1.29943e+28  230.194  1.48516e+09  6.49067e+10  1.39568e+32  19892.3
516  1.22903e+08  -1.32356e+09  1.12361e+28  229.292  1.22903e+08  -1.32356e+09  1.12361e+28  229.292  1.38694e+09  6.52413e+10  1.39619e+32  19644.6
517  1.15507e+08  -1.33608e+09  9.622e+27  228.721  1.15507e+08  -1.33608e+09  9.622e+27  228.721  1.29545e+09  6.55906e+10  1.39668e+32  19399.6
518  1.08264e+08  -1.34842e+09  8.16853e+27  228.076  1.08264e+08  -1.34842e+09  8.16853e+27  228.076  1.20623e+09  6.59523e+10  1.39717e+32  19145.3
519  1.01489e+08  -1.3606e+09  7.03769e+27  227.46  1.01489e+08  -1.3606e+09  7.03769e+27  227.46  1.12308e+09  6.62974e+10  1.39761e+32  18892.8
520  9.51607e+07  -1.37359e+09  6.0363e+27  227.146  9.51607e+07  -1.37359e+09  6.0363e+27  227.146  1.04571e+09  6.66542e+10  1.39804e+32  18642.4
521  8.89686e+07  -1.38665e+09  5.16661e+27  226.666  8.89686e+07  -1.38665e+09  5.16661e+27  226.666  9.70314e+08  6.70279e+10  1.39845e+32  18382.2
522  8.31786e+07  -1.39949e+09  4.55093e+27  226.142  8.31786e+07  -1.39949e+09  4.55093e+27  226.142  9.00088e+08  6.73813e+10  1.39883e+32  18123.3
523  7.77713e+07  -1.41265e+09  4.05185e+27  225.584  7.77713e+07  -1.41265e+09  4.05185e+27  225.584  8.34765e+08  6.77513e+10  1.39919e+32  17866.4
524  7.24559e+07  -1.42706e+09  3.87319e+27  225.768  7.24559e+07  -1.42706e+09  3.87319e+27  225.768  7.70803e+08  6.81404e+10  1.39955e+32  17596.6
525  6.74821e+07  -1.44164e+09  3.79847e+27  227.476  6.74821e+07  -1.44164e+09  3.79847e+27  227.476  7.11215e+08  6.85111e+10  1.39988e+32  17324.9
526  6.28328e+07  -1.45685e+09  3.75482e+27  230.011  6.28328e+07  -1.45685e+09  3.75482e+27  230.011  6.5578e+08  6.89018e+10  1.4002e+32  17050.6
527  5.82926e+07  -1.47261e+09  3.68203e+27  233.309  5.82926e+07  -1.47261e+09  3.68203e+27  233.309  6.01907e+08  6.9309e+10  1.4005e+32  16759.9
528  5.50735e+07  -1.4802e+09  3.61958e+27  236.412  5.50735e+07  -1.4802e+09  3.61958e+27  236.412  5.63895e+08  6.95015e+10  1.40064e+32  16537.7
529  5.3082e+07  -1.48829e+09  3.52672e+27  238.895  5.3082e+07  -1.48829e+09  3.52672e+27  238.895  5.40435e+08  6.96991e+10  1.40078e+32  16392.4
530  5.0294e+07  -1.50257e+09  3.25966e+27  242.865  5.0294e+07  -1.50257e+09  3.25966e+27  242.865  5.07678e+08  7.0074e+10  1.40102e+32  16177.3
531  4.76519e+07  -1.5099e+09  3.07502e+27  247.123  4.76519e+07  -1.5099e+09  3.07502e+27  247.123  4.76766e+08  7.02658e+10  1.40114e+32  15959.4
532  4.59243e+07  -1.51786e+09  2.87166e+27  250.21  4.56596e+07  -1.51786e+09  2.87166e+27  250.21  4.56596e+08  7.04627e+10  1.40126e+32  15808.4
533  4.42112e+07  -1.52584e+09  2.62561e+27  253.013  4.36644e+07  -1.52584e+09  2.62561e+27  253.013  4.36644e+08  7.06653e+10  1.40137e+32  15651.7
534  4.2513e+07  -1.53443e+09  2.33492e+27  255.785  4.16915e+07  -1.53443e+09  2.33492e+27  255.785  4.16915e+08  7.08738e+10  1.40149e+32  15489.1
535  4.08298e+07  -1.54309e+09  2.06504e+27  258.165  3.9741e+07  -1.54309e+09  2.06504e+27  258.165  3.9741e+08  7.10886e+10  1.4016e+32  15320
536  3.91619e+07  -1.55255e+09  1.78094e+27  260.335  3.78134e+07  -1.55255e+09  1.78094e+27  260.335  3.78134e+08  7.13102e+10  1.40171e+32  15144.3
537  3.80249e+07  -1.55597e+09  1.66726e+27  261.979  3.65033e+07  -1.55597e+09  1.66726e+27  261.979  3.65033e+08  7.13953e+10  1.40175e+32  15019.6
538  3.74058e+07  -1.55962e+09  1.5519e+27  262.952  3.57907e+07  -1.55962e+09  1.5519e+27  262.952  3.57907e+08  7.14815e+10  1.4018e+32  14949.9
539  3.67888e+07  -1.56321e+09  1.43383e+27  263.934  3.50813e+07  -1.56321e+09  1.43383e+27  263.934  3.50813e+08  7.15687e+10  1.40184e+32  14879.2
540  3.61739e+07  -1.56678e+09  1.3126e+27  264.774  3.4375e+07  -1.56678e+09  1.3126e+27  264.774  3.4375e+08  7.16571e+10  1.40188e+32  14807.2
541  3.55604e+07  -1.57061e+09  1.18758e+27  265.727  3.36712e+07  -1.57061e+09  1.18758e+27  265.727  3.36712e+08  7.17468e+10  1.40192e+32  14734
542  3.49475e+07  -1.57441e+09  1.05712e+27  266.795  3.29689e+07  -1.57441e+09  1.05712e+27  266.795  3.29689e+08  7.1838e+10  1.40196e+32  14659.5
543  3.43344e+07  -1.57821e+09  9.20475e+26  267.826  3.22671e+07  -1.57821e+09  9.20475e+26  267.826  3.22671e+08  7.19308e+10  1.402e+32  14583.3
544  3.37223e+07  -1.58229e+09  7.7747e+26  268.961  3.15672e+07  -1.58229e+09  7.7747e+26  268.961  3.15672e+08  7.20249e+10  1.40204e+32  14505.7
545  3.31162e+07  -1.58631e+09  6.30293e+26  270.234  3.08752e+07  -1.58631e+09  6.30293e+26  270.234  3.08752e+08  7.21191e+10  1.40208e+32  14427.2
546  3.25203e+07  -1.59025e+09  4.81421e+26  271.508  3.01955e+07  -1.59025e+09  4.81421e+26  271.508  3.01955e+08  7.22132e+10  1.40212e+32  14348.4
547  3.19305e+07  -1.59418e+09  3.29801e+26  272.758  2.95237e+07  -1.59418e+09  3.29801e+26  272.758  2.95237e+08  7.23087e+10  1.40216e+32  14268.7
548  3.13398e+07  -1.59846e+09  1.71914e+26  274.15  2.88516e+07  -1.59846e+09  1.71914e+26  274.15  2.88516e+08  7.24065e+10  1.4022e+32  14187
549  3.07473e+07  -1.60289e+09  7.30537e+24  275.551  2.81784e+07  -1.60289e+09  7.30537e+24  275.551  2.81784e+08  7.2506e+10  1.40224e+32  14103.3
550  116588  8.58635e+07  -5.04459e+23  -17.4929  116588  8.58635e+07  -5.04459e+23  -17.4929  1.46479e+08  8.75421e+10  1.40224e+32  7532.12
