Initial T_old/T 	 Initial P_old/P 	 Initial Error 	 Error after 1000 conv. rounds 	 Ratio of initial to final error
0.900000000 	 0.900000000 	 -7.102539595E+09 	 5.143519554E+07 	 -7.241803421E-03
0.990000000 	 0.900000000 	 -6.779286758E+09 	 4.761139771E+07 	 -7.023068858E-03
0.999000000 	 0.900000000 	 -6.778632443E+09 	 4.758091780E+07 	 -7.019250299E-03
0.999900000 	 0.900000000 	 -6.778782621E+09 	 4.756442753E+07 	 -7.016662163E-03
0.999990000 	 0.900000000 	 -6.778799725E+09 	 -4.748829542E+07 	 7.005413547E-03
0.999999000 	 0.900000000 	 -6.778801457E+09 	 -4.758219580E+07 	 7.019263818E-03
0.999999900 	 0.900000000 	 -6.778801630E+09 	 -4.749521261E+07 	 7.006431993E-03
0.999999990 	 0.900000000 	 -6.778801648E+09 	 -4.748434048E+07 	 7.004828132E-03
0.999999999 	 0.900000000 	 -6.778801649E+09 	 -4.760556694E+07 	 7.022711300E-03
0.900000000 	 0.990000000 	 -9.981643685E+09 	 -7.169932015E+07 	 7.183117572E-03
0.990000000 	 0.990000000 	 -8.725339673E+09 	 -6.113974090E+07 	 7.007147365E-03
0.999000000 	 0.990000000 	 -8.668280293E+09 	 6.058676608E+07 	 -6.989479346E-03
0.999900000 	 0.990000000 	 -8.663018877E+09 	 -6.105234985E+07 	 7.047468176E-03
0.999990000 	 0.990000000 	 -8.662497029E+09 	 6.104929657E+07 	 -7.047540261E-03
0.999999000 	 0.990000000 	 -8.662444887E+09 	 -6.106405954E+07 	 7.049286933E-03
0.999999900 	 0.990000000 	 -8.662439673E+09 	 6.104239602E+07 	 -7.046790318E-03
0.999999990 	 0.990000000 	 -8.662439151E+09 	 6.112616536E+07 	 -7.056461153E-03
0.999999999 	 0.990000000 	 -8.662439099E+09 	 -6.122797320E+07 	 7.068213987E-03
0.900000000 	 0.999000000 	 -1.034049678E+10 	 7.425633993E+07 	 -7.181119198E-03
0.990000000 	 0.999000000 	 -8.954286125E+09 	 -6.265620043E+07 	 6.997341782E-03
0.999000000 	 0.999000000 	 -8.889746777E+09 	 -6.260415393E+07 	 7.042287649E-03
0.999900000 	 0.999000000 	 -8.883770320E+09 	 6.264943881E+07 	 -7.052122753E-03
0.999990000 	 0.999000000 	 -8.883177281E+09 	 6.252508410E+07 	 -7.038594652E-03
0.999999000 	 0.999000000 	 -8.883118023E+09 	 -6.273524892E+07 	 7.062300508E-03
0.999999900 	 0.999000000 	 -8.883112097E+09 	 -6.272139153E+07 	 7.060745248E-03
0.999999990 	 0.999000000 	 -8.883111505E+09 	 6.260737574E+07 	 -7.047910600E-03
0.999999999 	 0.999000000 	 -8.883111445E+09 	 -6.258157803E+07 	 7.045006517E-03
0.900000000 	 0.999900000 	 -1.037727056E+10 	 7.437133264E+07 	 -7.166752778E-03
0.990000000 	 0.999900000 	 -8.977585852E+09 	 6.289166668E+07 	 -7.005409664E-03
0.999000000 	 0.999900000 	 -8.912275588E+09 	 6.275664830E+07 	 -7.041596468E-03
0.999900000 	 0.999900000 	 -8.906225618E+09 	 6.264882742E+07 	 -7.034273564E-03
0.999990000 	 0.999900000 	 -8.905625200E+09 	 -6.279028824E+07 	 7.050632250E-03
0.999999000 	 0.999900000 	 -8.905565166E+09 	 6.280383689E+07 	 -7.052201148E-03
0.999999900 	 0.999900000 	 -8.905559167E+09 	 -6.284053132E+07 	 7.056326294E-03
0.999999990 	 0.999900000 	 -8.905558567E+09 	 -6.273376479E+07 	 7.044338018E-03
0.999999999 	 0.999900000 	 -8.905558508E+09 	 -6.284520796E+07 	 7.056851954E-03
0.900000000 	 0.999990000 	 -1.038095706E+10 	 -7.447987903E+07 	 7.174664015E-03
0.990000000 	 0.999990000 	 -8.979919947E+09 	 6.290703745E+07 	 -7.005300472E-03
0.999000000 	 0.999990000 	 -8.914532355E+09 	 -6.279284397E+07 	 7.043874145E-03
0.999900000 	 0.999990000 	 -8.908474994E+09 	 -6.272841231E+07 	 7.041431036E-03
0.999990000 	 0.999990000 	 -8.907873839E+09 	 -6.292017453E+07 	 7.063433504E-03
0.999999000 	 0.999990000 	 -8.907813775E+09 	 -6.282897432E+07 	 7.053242907E-03
0.999999900 	 0.999990000 	 -8.907807769E+09 	 6.282535183E+07 	 -7.052840998E-03
0.999999990 	 0.999990000 	 -8.907807168E+09 	 -6.278210534E+07 	 7.047986576E-03
0.999999999 	 0.999990000 	 -8.907807108E+09 	 -6.271128121E+07 	 7.040035830E-03
0.900000000 	 0.999999000 	 -1.038132579E+10 	 7.444702936E+07 	 -7.171244872E-03
0.990000000 	 0.999999000 	 -8.980153398E+09 	 6.287535959E+07 	 -7.001590820E-03
0.999000000 	 0.999999000 	 -8.914758071E+09 	 6.278329520E+07 	 -7.042624680E-03
0.999900000 	 0.999999000 	 -8.908699971E+09 	 -6.281671556E+07 	 7.051165239E-03
0.999990000 	 0.999999000 	 -8.908098743E+09 	 6.278205584E+07 	 -7.047750329E-03
0.999999000 	 0.999999000 	 -8.908038669E+09 	 6.274792917E+07 	 -7.043966860E-03
0.999999900 	 0.999999000 	 -8.908032662E+09 	 -6.283552209E+07 	 7.053804636E-03
0.999999990 	 0.999999000 	 -8.908032062E+09 	 -6.274984616E+07 	 7.044187282E-03
0.999999999 	 0.999999000 	 -8.908032002E+09 	 -6.284833141E+07 	 7.055243110E-03
0.900000000 	 0.999999900 	 -1.038136267E+10 	 7.444871562E+07 	 -7.171381829E-03
0.990000000 	 0.999999900 	 -8.980176744E+09 	 6.287213789E+07 	 -7.001213860E-03
0.999000000 	 0.999999900 	 -8.914780643E+09 	 6.281591522E+07 	 -7.046265942E-03
0.999900000 	 0.999999900 	 -8.908722469E+09 	 6.274726306E+07 	 -7.043351421E-03
0.999990000 	 0.999999900 	 -8.908121233E+09 	 -6.274101826E+07 	 7.043125774E-03
0.999999000 	 0.999999900 	 -8.908061160E+09 	 -6.294353332E+07 	 7.065907181E-03
0.999999900 	 0.999999900 	 -8.908055152E+09 	 6.282514327E+07 	 -7.052621722E-03
0.999999990 	 0.999999900 	 -8.908054552E+09 	 -6.280878799E+07 	 7.050786187E-03
0.999999999 	 0.999999900 	 -8.908054492E+09 	 -6.291863174E+07 	 7.063117070E-03
0.900000000 	 0.999999990 	 -1.038136636E+10 	 -7.457894895E+07 	 7.183924195E-03
0.990000000 	 0.999999990 	 -8.980179078E+09 	 6.287257873E+07 	 -7.001261131E-03
0.999000000 	 0.999999990 	 -8.914782900E+09 	 6.273614698E+07 	 -7.037316297E-03
0.999900000 	 0.999999990 	 -8.908724719E+09 	 -6.291469555E+07 	 7.062143857E-03
0.999990000 	 0.999999990 	 -8.908123482E+09 	 -6.277345148E+07 	 7.046764855E-03
0.999999000 	 0.999999990 	 -8.908063409E+09 	 -6.279639700E+07 	 7.049388191E-03
0.999999900 	 0.999999990 	 -8.908057401E+09 	 -6.283796082E+07 	 7.054058813E-03
0.999999990 	 0.999999990 	 -8.908056801E+09 	 -6.294162427E+07 	 7.065696333E-03
0.999999999 	 0.999999990 	 -8.908056741E+09 	 -6.274398615E+07 	 7.043509934E-03
0.900000000 	 0.999999999 	 -1.038136673E+10 	 7.450940124E+07 	 -7.177224655E-03
0.990000000 	 0.999999999 	 -8.980179312E+09 	 -6.300415125E+07 	 7.015912385E-03
0.999000000 	 0.999999999 	 -8.914783126E+09 	 6.289497598E+07 	 -7.055132480E-03
0.999900000 	 0.999999999 	 -8.908724944E+09 	 -6.274999687E+07 	 7.043656333E-03
0.999990000 	 0.999999999 	 -8.908123707E+09 	 6.274071721E+07 	 -7.043090024E-03
0.999999000 	 0.999999999 	 -8.908063634E+09 	 -6.271734636E+07 	 7.040513959E-03
0.999999900 	 0.999999999 	 -8.908057627E+09 	 6.270462641E+07 	 -7.039090792E-03
0.999999990 	 0.999999999 	 -8.908057026E+09 	 -6.290558534E+07 	 7.061650499E-03
0.999999999 	 0.999999999 	 -8.908056966E+09 	 -6.280114469E+07 	 7.049926256E-03
