MassCellNumber	 dP	 dr	 dL	 dT	 dPrescaled	 drrescaled	 dLrescaled	 dTrescaled	 P	 r	 L	 T
0  3.23032e+11  -9.23456e+07  3.87729e+28  -15910.3  3.23032e+11  -9.23456e+07  3.87729e+28  -15910.3  5.447e+12  5.23e+09  8.92969e+29  1.202e+06
1  3.23469e+11  -1.25779e+08  5.65527e+28  -15585  3.23469e+11  -1.25779e+08  5.65527e+28  -15585  5.444e+12  7.17e+09  2.29903e+30  1.202e+06
2  3.22382e+11  -1.44729e+08  1.53685e+29  -16309.2  3.22382e+11  -1.44729e+08  1.53685e+29  -16309.2  5.44e+12  8.3e+09  3.56418e+30  1.201e+06
3  3.22648e+11  -1.63061e+08  2.1719e+29  -16094.7  3.22648e+11  -1.63061e+08  2.1719e+29  -16094.7  5.438e+12  9.1e+09  4.70277e+30  1.201e+06
4  3.22507e+11  -1.72673e+08  2.61226e+29  -15918.7  3.22507e+11  -1.72673e+08  2.61226e+29  -15918.7  5.436e+12  9.72e+09  5.72688e+30  1.201e+06
5  3.23072e+11  -1.98481e+08  2.86347e+29  -15770.3  3.23072e+11  -1.98481e+08  2.86347e+29  -15770.3  5.435e+12  1.02e+10  6.64895e+30  1.201e+06
6  3.22483e+11  -1.57359e+08  3.0452e+29  -15636.7  3.22483e+11  -1.57359e+08  3.0452e+29  -15636.7  5.433e+12  1.07e+10  7.57064e+30  1.201e+06
7  3.21836e+11  -1.82411e+08  3.16877e+29  -15508.6  3.21836e+11  -1.82411e+08  3.16877e+29  -15508.6  5.431e+12  1.11e+10  8.49233e+30  1.201e+06
8  3.22169e+11  -1.96357e+08  3.96021e+29  -16382.2  3.22169e+11  -1.96357e+08  3.96021e+29  -16382.2  5.43e+12  1.15e+10  9.46022e+30  1.2e+06
9  3.22517e+11  -2.01257e+08  4.65187e+29  -16254.3  3.22517e+11  -2.01257e+08  4.65187e+29  -16254.3  5.429e+12  1.19e+10  1.04758e+31  1.2e+06
10  3.21887e+11  -1.99189e+08  5.29084e+29  -16124.5  3.21887e+11  -1.99189e+08  5.29084e+29  -16124.5  5.427e+12  1.23e+10  1.15427e+31  1.2e+06
11  3.22282e+11  -1.90933e+08  5.81166e+29  -15992.5  3.22282e+11  -1.90933e+08  5.81166e+29  -15992.5  5.426e+12  1.27e+10  1.26626e+31  1.2e+06
12  3.21701e+11  -1.78346e+08  6.2971e+29  -15858.1  3.21701e+11  -1.78346e+08  6.2971e+29  -15858.1  5.424e+12  1.31e+10  1.38381e+31  1.2e+06
13  3.22148e+11  -2.6525e+08  6.60192e+29  -15721  3.22148e+11  -2.6525e+08  6.60192e+29  -15721  5.423e+12  1.34e+10  1.50724e+31  1.2e+06
14  3.21623e+11  -2.46008e+08  6.81458e+29  -15581.3  3.21623e+11  -2.46008e+08  6.81458e+29  -15581.3  5.421e+12  1.38e+10  1.63683e+31  1.2e+06
15  3.22129e+11  -2.24519e+08  6.86309e+29  -15438.5  3.22129e+11  -2.24519e+08  6.86309e+29  -15438.5  5.42e+12  1.42e+10  1.77289e+31  1.2e+06
16  3.2167e+11  -2.02085e+08  7.88441e+29  -16292.4  3.2167e+11  -2.02085e+08  7.88441e+29  -16292.4  5.418e+12  1.46e+10  1.91572e+31  1.199e+06
17  3.21249e+11  -2.81892e+08  8.81934e+29  -16142.9  3.21249e+11  -2.81892e+08  8.81934e+29  -16142.9  5.416e+12  1.49e+10  2.06568e+31  1.199e+06
18  3.20861e+11  -2.58136e+08  9.64174e+29  -15989.9  3.20861e+11  -2.58136e+08  9.64174e+29  -15989.9  5.414e+12  1.53e+10  2.22314e+31  1.199e+06
19  3.21513e+11  -2.34699e+08  1.02536e+30  -15833.1  3.21513e+11  -2.34699e+08  1.02536e+30  -15833.1  5.413e+12  1.57e+10  2.38842e+31  1.199e+06
20  3.21207e+11  -3.15206e+08  1.06893e+30  -15672.3  3.21207e+11  -3.15206e+08  1.06893e+30  -15672.3  5.411e+12  1.6e+10  2.56198e+31  1.199e+06
21  3.20942e+11  -2.93192e+08  1.09097e+30  -15507.5  3.20942e+11  -2.93192e+08  1.09097e+30  -15507.5  5.409e+12  1.64e+10  2.74416e+31  1.199e+06
22  3.20723e+11  -2.72657e+08  1.24408e+30  -16338.3  3.20723e+11  -2.72657e+08  1.24408e+30  -16338.3  5.407e+12  1.68e+10  2.93543e+31  1.198e+06
23  3.20552e+11  -2.53915e+08  1.37642e+30  -16164.5  3.20552e+11  -2.53915e+08  1.37642e+30  -16164.5  5.405e+12  1.72e+10  3.13621e+31  1.198e+06
24  3.20433e+11  -3.4065e+08  1.48512e+30  -15986  3.20433e+11  -3.4065e+08  1.48512e+30  -15986  5.403e+12  1.75e+10  3.34704e+31  1.198e+06
25  3.2036e+11  -3.26042e+08  1.56998e+30  -15802.7  3.2036e+11  -3.26042e+08  1.56998e+30  -15802.7  5.401e+12  1.79e+10  3.56833e+31  1.198e+06
26  3.2034e+11  -3.14245e+08  1.62365e+30  -15614.2  3.2034e+11  -3.14245e+08  1.62365e+30  -15614.2  5.399e+12  1.83e+10  3.80068e+31  1.198e+06
27  3.20377e+11  -3.05304e+08  1.6392e+30  -15420.4  3.20377e+11  -3.05304e+08  1.6392e+30  -15420.4  5.397e+12  1.87e+10  4.04481e+31  1.198e+06
28  3.20473e+11  -2.99497e+08  1.81445e+30  -16221.1  3.20473e+11  -2.99497e+08  1.81445e+30  -16221.1  5.395e+12  1.91e+10  4.30083e+31  1.197e+06
29  3.20629e+11  -2.97086e+08  1.94967e+30  -16016  3.20629e+11  -2.97086e+08  1.94967e+30  -16016  5.393e+12  1.95e+10  4.56956e+31  1.197e+06
30  3.19846e+11  -2.98144e+08  2.05936e+30  -15804.9  3.19846e+11  -2.98144e+08  2.05936e+30  -15804.9  5.39e+12  1.99e+10  4.85177e+31  1.197e+06
31  3.1972e+11  -4.0312e+08  2.11245e+30  -15532  3.1972e+11  -4.0312e+08  2.11245e+30  -15532  5.387e+12  2.04e+10  5.29606e+31  1.197e+06
32  3.20217e+11  -3.99279e+08  2.4006e+30  -16200  3.20217e+11  -3.99279e+08  2.4006e+30  -16200  5.384e+12  2.1e+10  5.76268e+31  1.196e+06
33  3.1878e+11  -3.91585e+08  2.62271e+30  -15860.9  3.1878e+11  -3.91585e+08  2.62271e+30  -15860.9  5.379e+12  2.16e+10  6.2524e+31  1.196e+06
34  3.19409e+11  -3.81216e+08  2.71096e+30  -15514.4  3.19409e+11  -3.81216e+08  2.71096e+30  -15514.4  5.376e+12  2.22e+10  6.76637e+31  1.196e+06
35  3.19114e+11  -3.68967e+08  3.07714e+30  -16159.9  3.19114e+11  -3.68967e+08  3.07714e+30  -16159.9  5.372e+12  2.28e+10  7.30614e+31  1.195e+06
36  3.18908e+11  -3.55911e+08  3.30144e+30  -15797  3.18908e+11  -3.55911e+08  3.30144e+30  -15797  5.368e+12  2.34e+10  7.87248e+31  1.195e+06
37  3.18801e+11  -4.45715e+08  3.33242e+30  -15425.4  3.18801e+11  -4.45715e+08  3.33242e+30  -15425.4  5.364e+12  2.39e+10  8.46692e+31  1.195e+06
38  3.1778e+11  -4.32534e+08  3.73802e+30  -16044.9  3.1778e+11  -4.32534e+08  3.73802e+30  -16044.9  5.359e+12  2.45e+10  9.091e+31  1.194e+06
39  3.17864e+11  -4.20878e+08  3.90733e+30  -15654.6  3.17864e+11  -4.20878e+08  3.90733e+30  -15654.6  5.355e+12  2.51e+10  9.74589e+31  1.194e+06
40  3.1706e+11  -4.11015e+08  4.4605e+30  -16254.1  3.1706e+11  -4.11015e+08  4.4605e+30  -16254.1  5.35e+12  2.57e+10  1.04335e+32  1.193e+06
41  3.17364e+11  -4.03625e+08  4.77085e+30  -15843  3.17364e+11  -4.03625e+08  4.77085e+30  -15843  5.346e+12  2.63e+10  1.1155e+32  1.193e+06
42  3.16782e+11  -5.02625e+08  4.87291e+30  -15420.7  3.16782e+11  -5.02625e+08  4.87291e+30  -15420.7  5.341e+12  2.68e+10  1.19127e+32  1.193e+06
43  3.16313e+11  -5.01616e+08  5.33142e+30  -15987.1  3.16313e+11  -5.01616e+08  5.33142e+30  -15987.1  5.336e+12  2.74e+10  1.27077e+32  1.192e+06
44  3.15973e+11  -5.051e+08  5.52725e+30  -15541.3  3.15973e+11  -5.051e+08  5.52725e+30  -15541.3  5.331e+12  2.8e+10  1.35424e+32  1.192e+06
45  3.15755e+11  -5.11998e+08  6.12787e+30  -16083  3.15755e+11  -5.11998e+08  6.12787e+30  -16083  5.326e+12  2.86e+10  1.44182e+32  1.191e+06
46  3.15664e+11  -5.24426e+08  6.40464e+30  -15611.8  3.15664e+11  -5.24426e+08  6.40464e+30  -15611.8  5.321e+12  2.92e+10  1.53376e+32  1.191e+06
47  3.15705e+11  -5.41228e+08  7.08963e+30  -16127.1  3.15705e+11  -5.41228e+08  7.08963e+30  -16127.1  5.316e+12  2.98e+10  1.63024e+32  1.19e+06
48  3.14896e+11  -5.64243e+08  7.40328e+30  -15628.4  3.14896e+11  -5.64243e+08  7.40328e+30  -15628.4  5.31e+12  3.04e+10  1.73154e+32  1.19e+06
49  3.14239e+11  -4.88917e+08  8.19392e+30  -16115.2  3.14239e+11  -4.88917e+08  8.19392e+30  -16115.2  5.304e+12  3.11e+10  1.83784e+32  1.189e+06
50  3.14736e+11  -5.23469e+08  8.49935e+30  -15586.8  3.14736e+11  -5.23469e+08  8.49935e+30  -15586.8  5.299e+12  3.17e+10  1.94937e+32  1.189e+06
51  3.14392e+11  -5.64428e+08  9.24158e+30  -16042.8  3.14392e+11  -5.64428e+08  9.24158e+30  -16042.8  5.293e+12  3.23e+10  2.06645e+32  1.188e+06
52  3.1321e+11  -6.12551e+08  9.56013e+30  -15482.7  3.1321e+11  -6.12551e+08  9.56013e+30  -15482.7  5.286e+12  3.29e+10  2.18934e+32  1.188e+06
53  3.13191e+11  -5.64299e+08  1.0308e+31  -15905.7  3.13191e+11  -5.64299e+08  1.0308e+31  -15905.7  5.28e+12  3.36e+10  2.31832e+32  1.187e+06
54  3.12932e+11  -6.49307e+08  1.18781e+31  -16158.7  3.12932e+11  -6.49307e+08  1.18781e+31  -16158.7  5.272e+12  3.45e+10  2.52129e+32  1.186e+06
55  3.12359e+11  -6.24959e+08  1.36635e+31  -16248.1  3.12359e+11  -6.24959e+08  1.36635e+31  -16248.1  5.262e+12  3.55e+10  2.73427e+32  1.185e+06
56  3.11994e+11  -5.96543e+08  1.38712e+31  -15317.2  3.11994e+11  -5.96543e+08  1.38712e+31  -15317.2  5.252e+12  3.65e+10  2.95772e+32  1.185e+06
57  3.10835e+11  -6.68707e+08  1.43078e+31  -15365  3.10835e+11  -6.68707e+08  1.43078e+31  -15365  5.241e+12  3.74e+10  3.19215e+32  1.184e+06
58  3.09887e+11  -6.36555e+08  1.48866e+31  -15390.7  3.09887e+11  -6.36555e+08  1.48866e+31  -15390.7  5.23e+12  3.84e+10  3.43813e+32  1.183e+06
59  3.0918e+11  -7.08388e+08  1.55355e+31  -15392.1  3.0918e+11  -7.08388e+08  1.55355e+31  -15392.1  5.219e+12  3.93e+10  3.69615e+32  1.182e+06
60  3.08712e+11  -6.78449e+08  1.61593e+31  -15368.6  3.08712e+11  -6.78449e+08  1.61593e+31  -15368.6  5.208e+12  4.03e+10  3.96704e+32  1.181e+06
61  3.08509e+11  -7.54684e+08  1.65967e+31  -15318.5  3.08509e+11  -7.54684e+08  1.65967e+31  -15318.5  5.197e+12  4.12e+10  4.25078e+32  1.18e+06
62  3.07569e+11  -7.31116e+08  1.93648e+31  -16241.1  3.07569e+11  -7.31116e+08  1.93648e+31  -16241.1  5.185e+12  4.22e+10  4.54878e+32  1.178e+06
63  3.06915e+11  -7.11755e+08  2.20371e+31  -16135  3.06915e+11  -7.11755e+08  2.20371e+31  -16135  5.173e+12  4.32e+10  4.86139e+32  1.177e+06
64  3.06556e+11  -8.01496e+08  2.44084e+31  -15998.9  3.06556e+11  -8.01496e+08  2.44084e+31  -15998.9  5.161e+12  4.41e+10  5.18903e+32  1.176e+06
65  3.05492e+11  -7.94259e+08  2.65873e+31  -15831.7  3.05492e+11  -7.94259e+08  2.65873e+31  -15831.7  5.148e+12  4.51e+10  5.53322e+32  1.175e+06
66  3.04742e+11  -7.9398e+08  2.82892e+31  -15631.7  3.04742e+11  -7.9398e+08  2.82892e+31  -15631.7  5.135e+12  4.61e+10  5.89358e+32  1.174e+06
67  3.0332e+11  -8.01272e+08  2.95993e+31  -15398  3.0332e+11  -8.01272e+08  2.95993e+31  -15398  5.121e+12  4.71e+10  6.27203e+32  1.173e+06
68  3.03236e+11  -8.17045e+08  3.32058e+31  -16129.1  3.03236e+11  -8.17045e+08  3.32058e+31  -16129.1  5.108e+12  4.81e+10  6.66897e+32  1.171e+06
69  3.025e+11  -8.42319e+08  3.59691e+31  -15823.4  3.025e+11  -8.42319e+08  3.59691e+31  -15823.4  5.094e+12  4.91e+10  7.08516e+32  1.17e+06
70  3.0112e+11  -8.77474e+08  3.79221e+31  -15479.5  3.0112e+11  -8.77474e+08  3.79221e+31  -15479.5  5.079e+12  5.01e+10  7.52174e+32  1.169e+06
71  3.00102e+11  -9.22625e+08  4.23777e+31  -16096.4  3.00102e+11  -9.22625e+08  4.23777e+31  -16096.4  5.064e+12  5.11e+10  7.97951e+32  1.167e+06
72  2.98512e+11  -8.75826e+08  4.54204e+31  -15672.5  2.98512e+11  -8.75826e+08  4.54204e+31  -15672.5  5.048e+12  5.22e+10  8.45961e+32  1.166e+06
73  2.98342e+11  -9.44048e+08  4.67642e+31  -15205.5  2.98342e+11  -9.44048e+08  4.67642e+31  -15205.5  5.033e+12  5.32e+10  8.96318e+32  1.165e+06
74  2.97554e+11  -9.22031e+08  5.02497e+31  -15694  2.97554e+11  -9.22031e+08  5.02497e+31  -15694  5.017e+12  5.43e+10  9.4914e+32  1.163e+06
75  2.96201e+11  -9.11085e+08  5.61695e+31  -16137.2  2.96201e+11  -9.11085e+08  5.61695e+31  -16137.2  5e+12  5.54e+10  1.0045e+33  1.161e+06
76  2.95322e+11  -1.01851e+09  5.93503e+31  -15532.9  2.95322e+11  -1.01851e+09  5.93503e+31  -15532.9  4.983e+12  5.64e+10  1.06256e+33  1.16e+06
77  2.93875e+11  -1.03686e+09  6.49968e+31  -15878.5  2.93875e+11  -1.03686e+09  6.49968e+31  -15878.5  4.965e+12  5.75e+10  1.12343e+33  1.158e+06
78  2.9285e+11  -9.64929e+08  6.7389e+31  -15173.9  2.9285e+11  -9.64929e+08  6.7389e+31  -15173.9  4.947e+12  5.87e+10  1.18726e+33  1.157e+06
79  2.92352e+11  -1.01136e+09  7.08486e+31  -15417.1  2.92352e+11  -1.01136e+09  7.08486e+31  -15417.1  4.929e+12  5.98e+10  1.25418e+33  1.155e+06
80  2.91393e+11  -1.07491e+09  7.553e+31  -15604.7  2.91393e+11  -1.07491e+09  7.553e+31  -15604.7  4.91e+12  6.09e+10  1.32432e+33  1.153e+06
81  2.89943e+11  -1.05048e+09  8.16336e+31  -15735.3  2.89943e+11  -1.05048e+09  8.16336e+31  -15735.3  4.89e+12  6.21e+10  1.39786e+33  1.151e+06
82  2.88042e+11  -1.04284e+09  8.88957e+31  -15807.6  2.88042e+11  -1.04284e+09  8.88957e+31  -15807.6  4.869e+12  6.33e+10  1.47494e+33  1.149e+06
83  2.86712e+11  -1.1571e+09  9.68604e+31  -15817.9  2.86712e+11  -1.1571e+09  9.68604e+31  -15817.9  4.848e+12  6.44e+10  1.55575e+33  1.147e+06
84  2.85904e+11  -1.08114e+09  1.04967e+32  -15765.8  2.85904e+11  -1.08114e+09  1.04967e+32  -15765.8  4.827e+12  6.57e+10  1.64045e+33  1.145e+06
85  2.84671e+11  -1.12857e+09  1.12727e+32  -15647.6  2.84671e+11  -1.12857e+09  1.12727e+32  -15647.6  4.805e+12  6.69e+10  1.72919e+33  1.143e+06
86  2.83061e+11  -1.19394e+09  1.19639e+32  -15461.8  2.83061e+11  -1.19394e+09  1.19639e+32  -15461.8  4.782e+12  6.81e+10  1.8222e+33  1.141e+06
87  2.82088e+11  -1.17565e+09  1.24846e+32  -15207  2.82088e+11  -1.17565e+09  1.24846e+32  -15207  4.759e+12  6.94e+10  1.91973e+33  1.139e+06
88  2.80732e+11  -1.17803e+09  1.364e+32  -15879  2.80732e+11  -1.17803e+09  1.364e+32  -15879  4.735e+12  7.07e+10  2.02187e+33  1.136e+06
89  2.79049e+11  -1.20113e+09  1.45046e+32  -15475.5  2.79049e+11  -1.20113e+09  1.45046e+32  -15475.5  4.71e+12  7.2e+10  2.1289e+33  1.134e+06
90  2.77046e+11  -1.24626e+09  1.50622e+32  -14993.9  2.77046e+11  -1.24626e+09  1.50622e+32  -14993.9  4.684e+12  7.33e+10  2.24105e+33  1.132e+06
91  2.75727e+11  -1.31291e+09  1.60641e+32  -15431.9  2.75727e+11  -1.31291e+09  1.60641e+32  -15431.9  4.658e+12  7.46e+10  2.35851e+33  1.129e+06
92  2.74139e+11  -1.29885e+09  1.75246e+32  -15787.3  2.74139e+11  -1.29885e+09  1.75246e+32  -15787.3  4.631e+12  7.6e+10  2.48159e+33  1.126e+06
93  2.72299e+11  -1.30898e+09  1.83073e+32  -15055.4  2.72299e+11  -1.30898e+09  1.83073e+32  -15055.4  4.603e+12  7.74e+10  2.61049e+33  1.124e+06
94  2.71204e+11  -1.34296e+09  1.93342e+32  -15233.5  2.71204e+11  -1.34296e+09  1.93342e+32  -15233.5  4.575e+12  7.88e+10  2.74551e+33  1.121e+06
95  2.6885e+11  -1.40075e+09  2.06377e+32  -15320.2  2.6885e+11  -1.40075e+09  2.06377e+32  -15320.2  4.545e+12  8.02e+10  2.88692e+33  1.118e+06
96  2.67312e+11  -1.38228e+09  2.19804e+32  -15310.2  2.67312e+11  -1.38228e+09  2.19804e+32  -15310.2  4.515e+12  8.17e+10  3.03503e+33  1.115e+06
97  2.65636e+11  -1.38892e+09  2.32716e+32  -15200  2.65636e+11  -1.38892e+09  2.32716e+32  -15200  4.484e+12  8.32e+10  3.19007e+33  1.112e+06
98  2.63771e+11  -1.42172e+09  2.4423e+32  -14988.8  2.63771e+11  -1.42172e+09  2.4423e+32  -14988.8  4.452e+12  8.47e+10  3.35243e+33  1.109e+06
99  2.61742e+11  -1.48342e+09  2.66837e+32  -15670.5  2.61742e+11  -1.48342e+09  2.66837e+32  -15670.5  4.419e+12  8.62e+10  3.52236e+33  1.105e+06
100  2.59606e+11  -1.46988e+09  2.84807e+32  -15241  2.59606e+11  -1.46988e+09  2.84807e+32  -15241  4.385e+12  8.78e+10  3.70027e+33  1.102e+06
101  2.57398e+11  -1.48504e+09  2.95906e+32  -14697.9  2.57398e+11  -1.48504e+09  2.95906e+32  -14697.9  4.35e+12  8.94e+10  3.88657e+33  1.099e+06
102  2.55131e+11  -1.53115e+09  3.1409e+32  -15035.8  2.55131e+11  -1.53115e+09  3.1409e+32  -15035.8  4.314e+12  9.1e+10  4.08139e+33  1.095e+06
103  2.52812e+11  -1.60766e+09  3.37903e+32  -15250.8  2.52812e+11  -1.60766e+09  3.37903e+32  -15250.8  4.277e+12  9.26e+10  4.28505e+33  1.091e+06
104  2.50446e+11  -1.61256e+09  3.66392e+32  -15339.6  2.50446e+11  -1.61256e+09  3.66392e+32  -15339.6  4.239e+12  9.43e+10  4.49873e+33  1.087e+06
105  2.4809e+11  -1.6496e+09  3.95773e+32  -15297.2  2.4809e+11  -1.6496e+09  3.95773e+32  -15297.2  4.2e+12  9.6e+10  4.72164e+33  1.083e+06
106  2.45775e+11  -1.72043e+09  4.24434e+32  -15119.1  2.45775e+11  -1.72043e+09  4.24434e+32  -15119.1  4.16e+12  9.77e+10  4.95533e+33  1.079e+06
107  2.43493e+11  -1.72378e+09  4.48257e+32  -14798.2  2.43493e+11  -1.72378e+09  4.48257e+32  -14798.2  4.119e+12  9.95e+10  5.19942e+33  1.075e+06
108  2.41284e+11  -2.07365e+09  4.85863e+32  -15329.6  2.41284e+11  -2.07365e+09  4.85863e+32  -15329.6  4.077e+12  1.01e+11  5.45468e+33  1.07e+06
109  2.38096e+11  -1.94145e+09  5.13517e+32  -14712.9  2.38096e+11  -1.94145e+09  5.13517e+32  -14712.9  4.033e+12  1.03e+11  5.72148e+33  1.066e+06
110  2.35057e+11  -1.848e+09  5.50794e+32  -14936.2  2.35057e+11  -1.848e+09  5.50794e+32  -14936.2  3.988e+12  1.05e+11  6.00061e+33  1.061e+06
111  2.33199e+11  -1.79309e+09  5.90511e+32  -14995.6  2.33199e+11  -1.79309e+09  5.90511e+32  -14995.6  3.943e+12  1.07e+11  6.29206e+33  1.056e+06
112  2.30524e+11  -1.77875e+09  6.31134e+32  -14885.6  2.30524e+11  -1.77875e+09  6.31134e+32  -14885.6  3.896e+12  1.09e+11  6.59697e+33  1.051e+06
113  2.27026e+11  -1.80635e+09  6.69155e+32  -14598.6  2.27026e+11  -1.80635e+09  6.69155e+32  -14598.6  3.847e+12  1.11e+11  6.91537e+33  1.046e+06
114  2.23753e+11  -1.87557e+09  7.27711e+32  -15130.5  2.23753e+11  -1.87557e+09  7.24762e+32  -15130.5  3.797e+12  1.13e+11  7.24762e+33  1.04e+06
115  2.20719e+11  -1.98934e+09  7.71032e+32  -14474.8  2.20719e+11  -1.98934e+09  7.59489e+32  -14474.8  3.746e+12  1.15e+11  7.59489e+33  1.035e+06
116  2.17902e+11  -2.14894e+09  8.23256e+32  -14623.2  2.17902e+11  -2.14894e+09  7.95756e+32  -14623.2  3.694e+12  1.17e+11  7.95756e+33  1.029e+06
117  2.15277e+11  -2.35501e+09  8.77407e+32  -14571  2.15277e+11  -2.35501e+09  8.33602e+32  -14571  3.641e+12  1.19e+11  8.33602e+33  1.023e+06
118  2.1186e+11  -1.57814e+09  9.28167e+32  -14308.4  2.1186e+11  -1.57814e+09  8.73103e+32  -14308.4  3.586e+12  1.22e+11  8.73103e+33  1.017e+06
119  2.08107e+11  -1.88528e+09  1.00372e+33  -14814.2  2.08107e+11  -1.88528e+09  9.14336e+32  -14814.2  3.529e+12  1.24e+11  9.14336e+33  1.01e+06
120  2.04688e+11  -2.24424e+09  1.05876e+33  -14092.9  2.04688e+11  -2.24424e+09  9.57341e+32  -14092.9  3.471e+12  1.26e+11  9.57341e+33  1.004e+06
121  2.01471e+11  -2.65858e+09  1.12868e+33  -14341.1  2.01471e+11  -2.65858e+09  1.00216e+33  -14341.1  3.412e+12  1.28e+11  1.00216e+34  996800
122  1.9755e+11  -2.09066e+09  1.20409e+33  -14250.8  1.9755e+11  -2.09066e+09  1.04889e+33  -14250.8  3.351e+12  1.31e+11  1.04889e+34  989700
123  1.94044e+11  -2.61683e+09  1.28574e+33  -14199.9  1.94044e+11  -2.61683e+09  1.0976e+33  -14199.9  3.289e+12  1.33e+11  1.0976e+34  982300
124  1.89798e+11  -2.16902e+09  1.37736e+33  -14187.5  1.89798e+11  -2.16902e+09  1.14834e+33  -14187.5  3.225e+12  1.36e+11  1.14834e+34  974600
125  1.86123e+11  -2.82058e+09  1.47304e+33  -14090.6  1.86123e+11  -2.82058e+09  1.2012e+33  -14090.6  3.16e+12  1.38e+11  1.2012e+34  966700
126  1.82829e+11  -2.50365e+09  1.56883e+33  -14007.6  1.82829e+11  -2.50365e+09  1.25622e+33  -14007.6  3.094e+12  1.41e+11  1.25622e+34  958500
127  1.78399e+11  -2.11879e+09  1.67227e+33  -13931.9  1.78399e+11  -2.11879e+09  1.31077e+33  -13931.9  3.027e+12  1.44e+11  1.31077e+34  950200
128  1.74281e+11  -2.70585e+09  1.77913e+33  -13862.4  1.74281e+11  -2.70585e+09  1.36482e+33  -13862.4  2.962e+12  1.46e+11  1.36482e+34  942000
129  1.71095e+11  -2.33195e+09  1.88857e+33  -13789.3  1.71095e+11  -2.33195e+09  1.42111e+33  -13789.3  2.898e+12  1.49e+11  1.42111e+34  933700
130  1.66971e+11  -2.93591e+09  2.00115e+33  -13708.4  1.66971e+11  -2.93591e+09  1.47686e+33  -13708.4  2.833e+12  1.51e+11  1.47686e+34  925300
131  1.62711e+11  -2.58223e+09  2.12406e+33  -13614.5  1.62711e+11  -2.58223e+09  1.53488e+33  -13614.5  2.768e+12  1.54e+11  1.53488e+34  916800
132  1.58448e+11  -2.17776e+09  2.25024e+33  -13502.7  1.58448e+11  -2.17776e+09  1.59236e+33  -13502.7  2.703e+12  1.57e+11  1.59236e+34  908200
133  1.54791e+11  -2.7553e+09  2.38095e+33  -13476.9  1.54791e+11  -2.7553e+09  1.6493e+33  -13476.9  2.64e+12  1.59e+11  1.6493e+34  899600
134  1.51645e+11  -2.2534e+09  2.50645e+33  -13343.6  1.51645e+11  -2.2534e+09  1.7057e+33  -13343.6  2.579e+12  1.62e+11  1.7057e+34  891200
135  1.47741e+11  -2.87123e+09  2.64135e+33  -13270  1.47741e+11  -2.87123e+09  1.76434e+33  -13270  2.517e+12  1.64e+11  1.76434e+34  882600
136  1.4382e+11  -2.41478e+09  2.77893e+33  -13164.7  1.4382e+11  -2.41478e+09  1.8224e+33  -13164.7  2.455e+12  1.67e+11  1.8224e+34  873900
137  1.40629e+11  -2.94915e+09  2.91879e+33  -13133  1.40629e+11  -2.94915e+09  1.87992e+33  -13133  2.395e+12  1.69e+11  1.87992e+34  865200
138  1.3707e+11  -2.41255e+09  3.05626e+33  -12982.2  1.3707e+11  -2.41255e+09  1.93682e+33  -12982.2  2.336e+12  1.72e+11  1.93682e+34  856700
139  1.33714e+11  -3.00202e+09  3.20007e+33  -12875.2  1.33714e+11  -3.00202e+09  1.99599e+33  -12875.2  2.277e+12  1.74e+11  1.99599e+34  848000
140  1.30322e+11  -2.52563e+09  3.34664e+33  -12820.9  1.30322e+11  -2.52563e+09  2.05451e+33  -12820.9  2.218e+12  1.77e+11  2.05451e+34  839100
141  1.26742e+11  -3.04631e+09  3.49665e+33  -12729.9  1.26742e+11  -3.04631e+09  2.11246e+33  -12729.9  2.16e+12  1.79e+11  2.11246e+34  830300
142  1.23884e+11  -3.54129e+09  3.64763e+33  -12702.3  1.23884e+11  -3.54129e+09  2.16978e+33  -12702.3  2.104e+12  1.81e+11  2.16978e+34  821500
143  1.20789e+11  -2.97283e+09  3.79304e+33  -12531.1  1.20789e+11  -2.97283e+09  2.22649e+33  -12531.1  2.049e+12  1.84e+11  2.22649e+34  812900
144  1.17658e+11  -3.41182e+09  3.94364e+33  -12509.3  1.17658e+11  -3.41182e+09  2.28259e+33  -12509.3  1.995e+12  1.86e+11  2.28259e+34  804200
145  1.14385e+11  -2.79512e+09  4.09863e+33  -12440.4  1.14385e+11  -2.79512e+09  2.33811e+33  -12440.4  1.942e+12  1.89e+11  2.33811e+34  795600
146  1.11143e+11  -3.18981e+09  4.25399e+33  -12308  1.11143e+11  -3.18981e+09  2.39304e+33  -12308  1.89e+12  1.91e+11  2.39304e+34  787100
147  1.08842e+11  -3.56333e+09  4.40376e+33  -12222.6  1.08842e+11  -3.56333e+09  2.44737e+33  -12222.6  1.84e+12  1.93e+11  2.44737e+34  778600
148  1.05512e+11  -2.8864e+09  4.55499e+33  -12079.4  1.05512e+11  -2.8864e+09  2.50108e+33  -12079.4  1.79e+12  1.96e+11  2.50108e+34  770200
149  1.03308e+11  -3.22531e+09  4.7056e+33  -12063.3  1.03308e+11  -3.22531e+09  2.55424e+33  -12063.3  1.742e+12  1.98e+11  2.55424e+34  761700
150  1.00143e+11  -3.54611e+09  4.86179e+33  -11987.6  1.00143e+11  -3.54611e+09  2.6068e+33  -11987.6  1.694e+12  2e+11  2.6068e+34  753300
151  9.80456e+10  -3.85631e+09  5.00827e+33  -11845.2  9.80456e+10  -3.85631e+09  2.65877e+33  -11845.2  1.648e+12  2.02e+11  2.65877e+34  745000
152  9.50405e+10  -3.11924e+09  5.15728e+33  -11726.7  9.50405e+10  -3.11924e+09  2.71017e+33  -11726.7  1.602e+12  2.05e+11  2.71017e+34  736700
153  9.22622e+10  -3.40112e+09  5.30839e+33  -11632.7  9.22622e+10  -3.40112e+09  2.76099e+33  -11632.7  1.557e+12  2.07e+11  2.76099e+34  728400
154  8.96296e+10  -3.67625e+09  5.46216e+33  -11562.6  8.96296e+10  -3.67625e+09  2.81123e+33  -11562.6  1.513e+12  2.09e+11  2.81123e+34  720100
155  8.71627e+10  -3.94163e+09  5.61857e+33  -11511.1  8.71627e+10  -3.94163e+09  2.8609e+33  -11511.1  1.47e+12  2.11e+11  2.8609e+34  711800
156  8.4883e+10  -3.16307e+09  5.77075e+33  -11384.7  8.4883e+10  -3.16307e+09  2.90998e+33  -11384.7  1.428e+12  2.14e+11  2.90998e+34  703600
157  8.29053e+10  -3.41206e+09  5.91639e+33  -11269  8.29053e+10  -3.41206e+09  2.95849e+33  -11269  1.387e+12  2.16e+11  2.95849e+34  695400
158  8.01563e+10  -3.65469e+09  6.06654e+33  -11166.2  8.01563e+10  -3.65469e+09  3.00646e+33  -11166.2  1.346e+12  2.18e+11  3.00646e+34  687200
159  7.86538e+10  -3.89064e+09  6.20669e+33  -11081.2  7.86538e+10  -3.89064e+09  3.05382e+33  -11081.2  1.307e+12  2.2e+11  3.05382e+34  679000
160  7.64152e+10  -4.12496e+09  6.34784e+33  -11006.8  7.64152e+10  -4.12496e+09  3.10064e+33  -11006.8  1.268e+12  2.22e+11  3.10064e+34  670800
161  7.34558e+10  -3.32333e+09  6.49941e+33  -10936  7.34558e+10  -3.32333e+09  3.14684e+33  -10936  1.229e+12  2.25e+11  3.14684e+34  662600
162  7.18711e+10  -3.54926e+09  6.63879e+33  -10770.3  7.18711e+10  -3.54926e+09  3.19254e+33  -10770.3  1.192e+12  2.27e+11  3.19254e+34  654500
163  6.9598e+10  -3.77678e+09  6.7814e+33  -10710.2  6.9598e+10  -3.77678e+09  3.23762e+33  -10710.2  1.155e+12  2.29e+11  3.23762e+34  646300
164  6.7649e+10  -4.004e+09  6.91704e+33  -10549.2  6.7649e+10  -4.004e+09  3.28212e+33  -10549.2  1.119e+12  2.31e+11  3.28212e+34  638200
165  6.60376e+10  -4.23092e+09  7.04884e+33  -10492  6.60376e+10  -4.23092e+09  3.32609e+33  -10492  1.084e+12  2.33e+11  3.32609e+34  630000
166  6.37762e+10  -3.42896e+09  7.17907e+33  -10331.1  6.37762e+10  -3.42896e+09  3.36948e+33  -10331.1  1.049e+12  2.36e+11  3.36948e+34  621900
167  6.19445e+10  -3.6614e+09  7.30792e+33  -10257.9  6.19445e+10  -3.6614e+09  3.41229e+33  -10257.9  1.015e+12  2.38e+11  3.41229e+34  613700
168  5.98869e+10  -3.89536e+09  7.43932e+33  -10184.2  5.98869e+10  -3.89536e+09  3.45453e+33  -10184.2  9.814e+11  2.4e+11  3.45453e+34  605500
169  5.80149e+10  -4.1365e+09  7.56415e+33  -10003.5  5.80149e+10  -4.1365e+09  3.49622e+33  -10003.5  9.486e+11  2.42e+11  3.49622e+34  597400
170  5.61379e+10  -4.38384e+09  7.68855e+33  -9908.82  5.61379e+10  -4.38384e+09  3.53734e+33  -9908.82  9.164e+11  2.44e+11  3.53734e+34  589200
171  5.43656e+10  -3.60217e+09  7.81082e+33  -9806.82  5.43656e+10  -3.60217e+09  3.57788e+33  -9806.82  8.849e+11  2.47e+11  3.57788e+34  581000
172  5.26671e+10  -3.86314e+09  7.92895e+33  -9685.33  5.26671e+10  -3.86314e+09  3.61784e+33  -9685.33  8.54e+11  2.49e+11  3.61784e+34  572800
173  5.10927e+10  -4.1334e+09  8.04001e+33  -9541.71  5.10927e+10  -4.1334e+09  3.65723e+33  -9541.71  8.238e+11  2.51e+11  3.65723e+34  564600
174  4.93504e+10  -4.41226e+09  8.15279e+33  -9482.09  4.93504e+10  -4.41226e+09  3.69604e+33  -9482.09  7.94e+11  2.53e+11  3.69604e+34  556300
175  4.76485e+10  -3.6711e+09  8.25914e+33  -9302.32  4.76485e+10  -3.6711e+09  3.73427e+33  -9302.32  7.648e+11  2.56e+11  3.73427e+34  548100
176  4.6146e+10  -3.97408e+09  8.36064e+33  -9190.81  4.6146e+10  -3.97408e+09  3.77192e+33  -9190.81  7.363e+11  2.58e+11  3.77192e+34  539800
177  4.45996e+10  -4.28951e+09  8.45729e+33  -9053.46  4.45996e+10  -4.28951e+09  3.80904e+33  -9053.46  7.083e+11  2.6e+11  3.80904e+34  531500
178  4.30163e+10  -4.62227e+09  8.54724e+33  -8885.61  4.30163e+10  -4.62227e+09  3.84553e+33  -8885.61  6.808e+11  2.62e+11  3.84553e+34  523200
179  4.16256e+10  -4.72783e+09  8.62533e+33  -8813.71  4.16256e+10  -4.72783e+09  3.87772e+33  -8813.71  6.553e+11  2.64e+11  3.87772e+34  515200
180  4.02427e+10  -3.8182e+09  8.70484e+33  -8728.72  4.02427e+10  -3.8182e+09  3.90967e+33  -8728.72  6.315e+11  2.67e+11  3.90967e+34  507600
181  3.89873e+10  -3.9533e+09  8.77439e+33  -8507.3  3.89873e+10  -3.9533e+09  3.94125e+33  -8507.3  6.082e+11  2.69e+11  3.94125e+34  500100
182  3.77234e+10  -4.10387e+09  8.84078e+33  -8457.58  3.77234e+10  -4.10387e+09  3.97205e+33  -8457.58  5.853e+11  2.71e+11  3.97205e+34  492400
183  3.64553e+10  -4.27254e+09  8.90012e+33  -8271.38  3.64553e+10  -4.27254e+09  4.00246e+33  -8271.38  5.628e+11  2.73e+11  4.00246e+34  484800
184  3.51863e+10  -4.45924e+09  8.95662e+33  -8146.15  3.51863e+10  -4.45924e+09  4.03249e+33  -8146.15  5.407e+11  2.75e+11  4.03249e+34  477100
185  3.40982e+10  -4.44066e+09  9.00443e+33  -8073.43  3.40982e+10  -4.44066e+09  4.05905e+33  -8073.43  5.202e+11  2.77e+11  4.05905e+34  469700
186  3.29751e+10  -4.43714e+09  9.04912e+33  -7951.51  3.29751e+10  -4.43714e+09  4.08524e+33  -7951.51  5.01e+11  2.79e+11  4.08524e+34  462700
187  3.19408e+10  -4.45078e+09  9.08727e+33  -7796.31  3.19408e+10  -4.45078e+09  4.11103e+33  -7796.31  4.822e+11  2.81e+11  4.11103e+34  455700
188  3.08976e+10  -4.48463e+09  9.12273e+33  -7700.2  3.08976e+10  -4.48463e+09  4.13644e+33  -7700.2  4.637e+11  2.83e+11  4.13644e+34  448600
189  2.9847e+10  -4.54024e+09  9.14949e+33  -7556.64  2.9847e+10  -4.54024e+09  4.16108e+33  -7556.64  4.455e+11  2.85e+11  4.16108e+34  441500
190  2.88906e+10  -4.61699e+09  9.17111e+33  -7365.41  2.88906e+10  -4.61699e+09  4.18572e+33  -7365.41  4.277e+11  2.87e+11  4.18572e+34  434400
191  2.79192e+10  -4.50162e+09  9.19009e+33  -7293.47  2.79192e+10  -4.50162e+09  4.20766e+33  -7293.47  4.11e+11  2.89e+11  4.20766e+34  427500
192  2.70958e+10  -4.40556e+09  9.19784e+33  -7138.77  2.70958e+10  -4.40556e+09  4.22884e+33  -7138.77  3.955e+11  2.91e+11  4.22884e+34  421000
193  2.6332e+10  -4.32873e+09  9.20374e+33  -7042.47  2.6332e+10  -4.32873e+09  4.25001e+33  -7042.47  3.803e+11  2.93e+11  4.25001e+34  414400
194  2.55286e+10  -4.27685e+09  9.20263e+33  -6896.48  2.55286e+10  -4.27685e+09  4.27081e+33  -6896.48  3.653e+11  2.95e+11  4.27081e+34  407800
195  2.47859e+10  -5.2817e+09  9.19035e+33  -6692.97  2.47859e+10  -5.2817e+09  4.29121e+33  -6692.97  3.506e+11  2.96e+11  4.29121e+34  401200
196  2.39874e+10  -5.07075e+09  9.17637e+33  -6583.72  2.39874e+10  -5.07075e+09  4.3093e+33  -6583.72  3.368e+11  2.98e+11  4.3093e+34  394800
197  2.32062e+10  -4.87933e+09  9.15842e+33  -6470.68  2.32062e+10  -4.87933e+09  4.32702e+33  -6470.68  3.239e+11  3e+11  4.32702e+34  388700
198  2.25372e+10  -4.71296e+09  9.1358e+33  -6308.07  2.25372e+10  -4.71296e+09  4.34472e+33  -6308.07  3.113e+11  3.02e+11  4.34472e+34  382600
199  2.18801e+10  -4.57164e+09  9.10299e+33  -6187.76  2.18801e+10  -4.57164e+09  4.36167e+33  -6187.76  2.989e+11  3.04e+11  4.36167e+34  376400
200  2.12345e+10  -4.45538e+09  9.06908e+33  -6110.99  2.12345e+10  -4.45538e+09  4.3786e+33  -6110.99  2.867e+11  3.06e+11  4.3786e+34  370100
201  2.05505e+10  -5.1997e+09  9.03081e+33  -5899.98  2.05505e+10  -5.1997e+09  4.39362e+33  -5899.98  2.752e+11  3.07e+11  4.39362e+34  364200
202  2.00056e+10  -4.93104e+09  8.99428e+33  -5862.44  2.00056e+10  -4.93104e+09  4.40864e+33  -5862.44  2.646e+11  3.09e+11  4.40864e+34  358400
203  1.94118e+10  -4.69117e+09  8.94318e+33  -5671.27  1.94118e+10  -4.69117e+09  4.42288e+33  -5671.27  2.541e+11  3.11e+11  4.42288e+34  352700
204  1.88118e+10  -5.50885e+09  8.88876e+33  -5517.91  1.88118e+10  -5.50885e+09  4.43713e+33  -5517.91  2.437e+11  3.12e+11  4.43713e+34  346900
205  1.83459e+10  -5.32151e+09  8.82979e+33  -5405.3  1.83459e+10  -5.32151e+09  4.45137e+33  -5405.3  2.336e+11  3.14e+11  4.45137e+34  341000
206  1.77211e+10  -4.96999e+09  8.77075e+33  -5237.97  1.77211e+10  -4.96999e+09  4.46369e+33  -5237.97  2.24e+11  3.16e+11  4.46369e+34  335400
207  1.72693e+10  -5.67508e+09  8.70834e+33  -5120.76  1.72693e+10  -5.67508e+09  4.47601e+33  -5120.76  2.152e+11  3.17e+11  4.47601e+34  330000
208  1.66851e+10  -5.37251e+09  8.63935e+33  -4949.24  1.66851e+10  -5.37251e+09  4.48794e+33  -4949.24  2.064e+11  3.19e+11  4.48794e+34  324600
209  1.61815e+10  -5.09715e+09  8.56775e+33  -4818.32  1.61815e+10  -5.09715e+09  4.49988e+33  -4818.32  1.978e+11  3.21e+11  4.49988e+34  319100
210  1.56747e+10  -5.70101e+09  8.49785e+33  -4713.43  1.56747e+10  -5.70101e+09  4.51027e+33  -4713.43  1.897e+11  3.22e+11  4.51027e+34  313800
211  1.52779e+10  -5.29647e+09  8.42285e+33  -4535.04  1.52779e+10  -5.29647e+09  4.52067e+33  -4535.04  1.822e+11  3.24e+11  4.52067e+34  308800
212  1.48846e+10  -4.91838e+09  8.34005e+33  -4399.64  1.48846e+10  -4.91838e+09  4.53068e+33  -4399.64  1.748e+11  3.26e+11  4.53068e+34  303700
213  1.44863e+10  -5.5968e+09  8.25536e+33  -4309.86  1.44863e+10  -5.5968e+09  4.54069e+33  -4309.86  1.675e+11  3.27e+11  4.54069e+34  298500
214  1.40418e+10  -5.10043e+09  8.17351e+33  -4127.11  1.40418e+10  -5.10043e+09  4.54954e+33  -4127.11  1.606e+11  3.29e+11  4.54954e+34  293600
215  1.36881e+10  -5.66099e+09  8.08991e+33  -4049.29  1.36881e+10  -5.66099e+09  4.5584e+33  -4049.29  1.542e+11  3.3e+11  4.5584e+34  288800
216  1.33398e+10  -5.21225e+09  7.99641e+33  -3820.19  1.33398e+10  -5.21225e+09  4.56687e+33  -3820.19  1.479e+11  3.32e+11  4.56687e+34  284100
217  1.30127e+10  -5.82812e+09  7.89969e+33  -3729.32  1.30127e+10  -5.82812e+09  4.57534e+33  -3729.32  1.417e+11  3.33e+11  4.57534e+34  279200
218  1.26127e+10  -5.26897e+09  7.8085e+33  -3629.21  1.26127e+10  -5.26897e+09  4.58265e+33  -3629.21  1.358e+11  3.35e+11  4.58265e+34  274500
219  1.23576e+10  -5.76867e+09  7.71114e+33  -3426.74  1.23576e+10  -5.76867e+09  4.58997e+33  -3426.74  1.304e+11  3.36e+11  4.58997e+34  270100
220  1.20311e+10  -5.26163e+09  7.60607e+33  -3267.54  1.20311e+10  -5.26163e+09  4.5969e+33  -3267.54  1.25e+11  3.38e+11  4.5969e+34  265600
221  1.17402e+10  -5.81675e+09  7.50129e+33  -3147.06  1.17402e+10  -5.81675e+09  4.60421e+33  -3147.06  1.197e+11  3.39e+11  4.60421e+34  261000
222  1.14273e+10  -5.20393e+09  7.40002e+33  -3006.96  1.14273e+10  -5.20393e+09  4.61037e+33  -3006.96  1.147e+11  3.41e+11  4.61037e+34  256600
223  1.11196e+10  -5.65313e+09  7.29491e+33  -2845.61  1.1e+10  -5.65313e+09  4.61653e+33  -2845.61  1.1e+11  3.42e+11  4.61653e+34  252400
224  1.08531e+10  -6.12542e+09  7.18733e+33  -2728.22  1.054e+10  -6.12542e+09  4.6227e+33  -2728.22  1.054e+11  3.43e+11  4.6227e+34  248100
225  1.06208e+10  -5.59318e+09  7.07064e+33  -2556.68  1.009e+10  -5.59318e+09  4.62847e+33  -2556.68  1.009e+11  3.45e+11  4.62847e+34  243800
226  1.03803e+10  -5.97068e+09  6.96411e+33  -2444.51  9.665e+09  -5.97068e+09  4.63386e+33  -2444.51  9.665e+10  3.46e+11  4.63386e+34  239600
227  1.015e+10  -6.36968e+09  6.85061e+33  -2304.1  9.267e+09  -6.36968e+09  4.63886e+33  -2304.1  9.267e+10  3.47e+11  4.63886e+34  235600
228  9.91113e+09  -5.76748e+09  6.73406e+33  -2204.66  8.873e+09  -5.76748e+09  4.64387e+33  -2204.66  8.873e+10  3.49e+11  4.64387e+34  231500
229  9.69962e+09  -6.07626e+09  6.62676e+33  -2053.82  8.504e+09  -6.07626e+09  4.64849e+33  -2053.82  8.504e+10  3.5e+11  4.64849e+34  227600
230  9.48725e+09  -6.40529e+09  6.51212e+33  -1871.26  8.158e+09  -6.40529e+09  4.65273e+33  -1871.26  8.158e+10  3.51e+11  4.65273e+34  223900
231  9.27497e+09  -5.73246e+09  6.39726e+33  -1732.02  7.816e+09  -5.73246e+09  4.65734e+33  -1732.02  7.816e+10  3.53e+11  4.65734e+34  220100
232  9.07285e+09  -6.12195e+09  6.27577e+33  -1626.34  7.478e+09  -6.12195e+09  4.66158e+33  -1626.34  7.478e+10  3.54e+11  4.66158e+34  216200
233  8.88117e+09  -6.39345e+09  6.15942e+33  -1468.09  7.161e+09  -6.39345e+09  4.66504e+33  -1468.09  7.161e+10  3.55e+11  4.66504e+34  212500
234  8.70781e+09  -6.69082e+09  6.04227e+33  -1260.89  6.865e+09  -6.69082e+09  4.66889e+33  -1260.89  6.865e+10  3.56e+11  4.66889e+34  209000
235  8.521e+09  -5.97979e+09  5.9194e+33  -1198.29  6.571e+09  -5.97979e+09  4.67236e+33  -1198.29  6.571e+10  3.58e+11  4.67236e+34  205300
236  8.35397e+09  -6.20026e+09  5.80833e+33  -1059.75  6.295e+09  -6.20026e+09  4.67582e+33  -1059.75  6.295e+10  3.59e+11  4.67582e+34  201800
237  8.20319e+09  -6.43971e+09  5.68971e+33  -856.707  6.037e+09  -6.43971e+09  4.6789e+33  -856.707  6.037e+10  3.6e+11  4.6789e+34  198500
238  8.03911e+09  -6.70538e+09  5.5677e+33  -710.147  5.781e+09  -6.70538e+09  4.68198e+33  -710.147  5.781e+10  3.61e+11  4.68198e+34  195100
239  7.88698e+09  -6.99911e+09  5.44287e+33  -610.279  5.529e+09  -6.99911e+09  4.68507e+33  -610.279  5.529e+10  3.62e+11  4.68507e+34  191600
240  7.7273e+09  -6.14793e+09  5.32642e+33  -439.174  5.291e+09  -6.14793e+09  4.68776e+33  -439.174  5.291e+10  3.64e+11  4.68776e+34  188300
241  7.59677e+09  -6.23458e+09  5.21821e+33  -367.508  5.08e+09  -6.23458e+09  4.69007e+33  -367.508  5.08e+10  3.65e+11  4.69007e+34  185200
242  7.46573e+09  -6.34456e+09  5.10697e+33  -213.915  4.881e+09  -6.34456e+09  4.69238e+33  -213.915  4.881e+10  3.66e+11  4.69238e+34  182300
243  7.35108e+09  -6.48425e+09  4.99608e+33  -105.358  4.685e+09  -6.48425e+09  4.69508e+33  -105.358  4.685e+10  3.67e+11  4.69508e+34  179300
244  7.22714e+09  -6.642e+09  4.87483e+33  49.7844  4.49e+09  -6.642e+09  4.697e+33  49.7844  4.49e+10  3.68e+11  4.697e+34  176300
245  7.10863e+09  -6.82817e+09  4.75335e+33  248.107  4.298e+09  -6.82817e+09  4.69931e+33  248.107  4.298e+10  3.69e+11  4.69931e+34  173300
246  6.98041e+09  -7.04314e+09  4.62978e+33  301.668  4.107e+09  -7.04314e+09  4.62978e+33  301.668  4.107e+10  3.7e+11  4.70162e+34  170100
247  6.86158e+09  -7.15506e+09  4.51448e+33  439.533  3.928e+09  -7.15506e+09  4.51448e+33  439.533  3.928e+10  3.71e+11  4.70355e+34  167100
248  6.75128e+09  -7.1792e+09  4.40501e+33  611.798  3.768e+09  -7.1792e+09  4.40501e+33  611.798  3.768e+10  3.72e+11  4.70508e+34  164400
249  6.65308e+09  -7.22744e+09  4.29748e+33  685.319  3.618e+09  -7.22744e+09  4.29748e+33  685.319  3.618e+10  3.73e+11  4.70701e+34  161700
250  6.55149e+09  -7.29944e+09  4.18344e+33  804.905  3.469e+09  -7.29944e+09  4.18344e+33  804.905  3.469e+10  3.74e+11  4.70855e+34  159000
251  6.45144e+09  -7.38887e+09  4.06718e+33  959.414  3.322e+09  -7.38887e+09  4.06718e+33  959.414  3.322e+10  3.75e+11  4.71009e+34  156300
252  6.34771e+09  -7.51385e+09  3.95118e+33  1060.69  3.176e+09  -7.51385e+09  3.95118e+33  1060.69  3.176e+10  3.76e+11  4.71201e+34  153500
253  6.2583e+09  -7.5515e+09  3.83819e+33  1177.22  3.039e+09  -7.5515e+09  3.83819e+33  1177.22  3.039e+10  3.77e+11  4.71317e+34  150800
254  6.16629e+09  -7.60608e+09  3.72745e+33  1284.45  2.91e+09  -7.60608e+09  3.72745e+33  1284.45  2.91e+10  3.78e+11  4.71471e+34  148200
255  6.07273e+09  -7.69695e+09  3.61257e+33  1438.22  2.782e+09  -7.69695e+09  3.61257e+33  1438.22  2.782e+10  3.79e+11  4.71625e+34  145600
256  5.99201e+09  -7.69823e+09  3.50387e+33  1608.22  2.662e+09  -7.69823e+09  3.50387e+33  1608.22  2.662e+10  3.8e+11  4.7174e+34  143100
257  5.91178e+09  -7.7245e+09  3.39312e+33  1680.19  2.549e+09  -7.7245e+09  3.39312e+33  1680.19  2.549e+10  3.81e+11  4.71856e+34  140600
258  5.83172e+09  -7.77786e+09  3.27966e+33  1799.14  2.437e+09  -7.77786e+09  3.27966e+33  1799.14  2.437e+10  3.82e+11  4.71971e+34  138100
259  5.7579e+09  -7.74399e+09  3.17684e+33  1930.48  2.332e+09  -7.74399e+09  3.17684e+33  1930.48  2.332e+10  3.83e+11  4.72087e+34  135700
260  5.68228e+09  -7.73475e+09  3.06847e+33  1969.74  2.233e+09  -7.73475e+09  3.06847e+33  1969.74  2.233e+10  3.84e+11  4.72164e+34  133300
261  5.61282e+09  -7.76296e+09  2.95946e+33  2166.93  2.135e+09  -7.76296e+09  2.95946e+33  2166.93  2.135e+10  3.85e+11  4.72279e+34  131000
262  5.54124e+09  -7.70333e+09  2.85716e+33  2288.43  2.042e+09  -7.70333e+09  2.85716e+33  2288.43  2.042e+10  3.86e+11  4.72357e+34  128700
263  5.47485e+09  -8.71119e+09  2.75311e+33  2318  1.955e+09  -8.71119e+09  2.75311e+33  2318  1.955e+10  3.86e+11  4.72434e+34  126400
264  5.41009e+09  -8.70406e+09  2.64994e+33  2495.23  1.869e+09  -8.70406e+09  2.64994e+33  2495.23  1.869e+10  3.87e+11  4.72549e+34  124200
265  5.34578e+09  -8.61286e+09  2.5494e+33  2592.17  1.788e+09  -8.61286e+09  2.5494e+33  2592.17  1.788e+10  3.88e+11  4.72587e+34  122000
266  5.27756e+09  -8.55892e+09  2.44931e+33  2717.7  1.711e+09  -8.55892e+09  2.44931e+33  2717.7  1.711e+10  3.89e+11  4.72664e+34  119900
267  5.21752e+09  -8.53309e+09  2.34722e+33  2801.17  1.635e+09  -8.53309e+09  2.34722e+33  2801.17  1.635e+10  3.9e+11  4.72742e+34  117700
268  5.16412e+09  -8.42333e+09  2.2547e+33  2905.81  1.564e+09  -8.42333e+09  2.2547e+33  2905.81  1.564e+10  3.91e+11  4.72819e+34  115600
269  5.11271e+09  -9.39773e+09  2.15836e+33  3040.87  1.497e+09  -9.39773e+09  2.15836e+33  3040.87  1.497e+10  3.91e+11  4.72895e+34  113600
270  5.05502e+09  -9.34178e+09  2.05702e+33  3228.06  1.43e+09  -9.34178e+09  2.05702e+33  3228.06  1.43e+10  3.92e+11  4.72934e+34  111600
271  4.99995e+09  -9.21893e+09  1.96748e+33  3354.6  1.367e+09  -9.21893e+09  1.96748e+33  3354.6  1.367e+10  3.93e+11  4.73011e+34  109600
272  4.95454e+09  -9.02559e+09  1.88215e+33  3522.47  1.311e+09  -9.02559e+09  1.88215e+33  3522.47  1.311e+10  3.94e+11  4.73049e+34  107800
273  4.90776e+09  -9.90177e+09  1.79541e+33  3627.07  1.258e+09  -9.90177e+09  1.79541e+33  3627.07  1.258e+10  3.94e+11  4.73088e+34  106000
274  4.85653e+09  -9.75378e+09  1.70677e+33  3775.92  1.205e+09  -9.75378e+09  1.70677e+33  3775.92  1.205e+10  3.95e+11  4.73126e+34  104200
275  4.81169e+09  -9.6325e+09  1.61993e+33  3970.2  1.153e+09  -9.6325e+09  1.61993e+33  3970.2  1.153e+10  3.96e+11  4.73204e+34  102400
276  4.76313e+09  -9.54033e+09  1.5271e+33  4113.84  1.101e+09  -9.54033e+09  1.5271e+33  4113.84  1.101e+10  3.97e+11  4.73242e+34  100500
277  4.72773e+09  -1.04335e+10  1.44165e+33  4318.64  1.053e+09  -1.04335e+10  1.44165e+33  4318.64  1.053e+10  3.97e+11  4.7328e+34  98700
278  4.6826e+09  -1.02008e+10  1.36434e+33  4517.24  1.009e+09  -1.02008e+10  1.36434e+33  4517.24  1.009e+10  3.98e+11  4.73319e+34  97040
279  4.64298e+09  -1.00074e+10  1.28348e+33  4724.67  9.677e+08  -1.00074e+10  1.28348e+33  4724.67  9.677e+09  3.99e+11  4.73357e+34  95430
280  4.60372e+09  -1.08737e+10  1.20246e+33  4961.76  9.267e+08  -1.08737e+10  1.20246e+33  4961.76  9.267e+09  3.99e+11  4.73396e+34  93800
281  4.56506e+09  -1.07363e+10  1.11366e+33  5219.56  8.861e+08  -1.07363e+10  1.11366e+33  5219.56  8.861e+09  4e+11  4.73396e+34  92130
282  4.5256e+09  -1.06108e+10  1.02814e+33  5509.21  8.457e+08  -1.06108e+10  1.02814e+33  5509.21  8.457e+09  4.01e+11  4.73434e+34  90430
283  4.48805e+09  -1.14927e+10  9.47874e+32  5801.7  8.076e+08  -1.14927e+10  9.47874e+32  5801.7  8.076e+09  4.01e+11  4.73473e+34  88770
284  4.45369e+09  -1.12447e+10  8.75015e+32  6109.8  7.734e+08  -1.12447e+10  8.75015e+32  6109.8  7.734e+09  4.02e+11  4.73511e+34  87250
285  4.42037e+09  -1.10207e+10  7.96545e+32  6412.01  7.413e+08  -1.10207e+10  7.96545e+32  6412.01  7.413e+09  4.03e+11  4.73511e+34  85780
286  4.38713e+09  -1.18794e+10  7.2e+32  6748.43  7.094e+08  -1.18794e+10  7.2e+32  6748.43  7.094e+09  4.03e+11  4.7355e+34  84290
287  4.35226e+09  -1.17102e+10  6.41269e+32  7109.81  6.776e+08  -1.17102e+10  6.41269e+32  7109.81  6.776e+09  4.04e+11  4.73588e+34  82760
288  4.31929e+09  -1.25394e+10  5.65096e+32  7478.61  6.476e+08  -1.25394e+10  5.65096e+32  7478.61  6.476e+09  4.04e+11  4.73588e+34  81270
289  4.28807e+09  -1.22411e+10  4.99661e+32  7842.42  6.208e+08  -1.22411e+10  4.99661e+32  7842.42  6.208e+09  4.05e+11  4.73627e+34  79910
290  4.25909e+09  -1.19896e+10  4.2629e+32  8224.13  5.954e+08  -1.19896e+10  4.2629e+32  7859  5.954e+09  4.06e+11  4.73627e+34  78590
291  4.23167e+09  -1.27993e+10  3.56957e+32  8634.34  5.703e+08  -1.27993e+10  3.56957e+32  7724  5.703e+09  4.06e+11  4.73665e+34  77240
292  4.2023e+09  -1.26013e+10  2.79358e+32  9087.34  5.452e+08  -1.26013e+10  2.79358e+32  7586  5.452e+09  4.07e+11  4.73665e+34  75860
293  4.1734e+09  -1.3472e+10  2.05709e+32  9597.54  5.203e+08  -1.3472e+10  2.05709e+32  7446  5.203e+09  4.07e+11  4.73704e+34  74460
294  4.14301e+09  -1.32254e+10  1.33417e+32  10104.6  4.968e+08  -1.32254e+10  1.33417e+32  7309  4.968e+09  4.08e+11  4.73704e+34  73090
295  4.11532e+09  -1.39892e+10  6.68192e+31  10625.1  4.757e+08  -1.39892e+10  6.68192e+31  7184  4.757e+09  4.08e+11  4.73704e+34  71840
296  4.09248e+09  -1.37392e+10  -4.65442e+29  11164.7  4.559e+08  -1.37392e+10  -4.65442e+29  7062  4.559e+09  4.09e+11  4.73742e+34  70620
297  -1.39749e+07  -1.39502e+10  -4.61526e+29  1496.36  -1.39749e+07  -1.39502e+10  -4.61526e+29  439.045  2.78473e+08  4.09e+11  4.73742e+34  4390.45
