MassCellNumber	 dP	 dr	 dL	 dT	 dPrescaled	 drrescaled	 dLrescaled	 dTrescaled	 P	 r	 L	 T
0  1.48183e+13  -3.64009e+09  3.81325e+31  731523  3.2682e+11  -3.138e+08  4.46484e+29  72120  5.447e+12  5.23e+09  8.92969e+29  1.202e+06
1  1.4808e+13  -5.02309e+09  9.84819e+31  732079  3.2664e+11  -4.302e+08  1.14952e+30  72120  5.444e+12  7.17e+09  2.29903e+30  1.202e+06
2  1.47992e+13  -5.8014e+09  1.52588e+32  731333  3.264e+11  -4.98e+08  1.78209e+30  72060  5.44e+12  8.3e+09  3.56418e+30  1.201e+06
3  1.47924e+13  -6.35163e+09  2.0134e+32  730723  3.2628e+11  -5.46e+08  2.35139e+30  72060  5.438e+12  9.1e+09  4.70277e+30  1.201e+06
4  1.47869e+13  -6.78221e+09  2.4525e+32  730259  3.2616e+11  -5.832e+08  2.86344e+30  72060  5.436e+12  9.72e+09  5.72688e+30  1.201e+06
5  1.47819e+13  -7.14491e+09  2.84679e+32  729799  3.261e+11  -6.12e+08  3.32448e+30  72060  5.435e+12  1.02e+10  6.64895e+30  1.201e+06
6  1.47776e+13  -7.44484e+09  3.24152e+32  730872  3.2598e+11  -6.42e+08  3.78532e+30  72060  5.433e+12  1.07e+10  7.57064e+30  1.201e+06
7  1.47738e+13  -7.73331e+09  3.63621e+32  730588  3.2586e+11  -6.66e+08  4.24617e+30  72060  5.431e+12  1.11e+10  8.49233e+30  1.201e+06
8  1.47698e+13  -8.00438e+09  4.05069e+32  730211  3.258e+11  -6.9e+08  4.73011e+30  72000  5.43e+12  1.15e+10  9.46022e+30  1.2e+06
9  1.47656e+13  -8.30415e+09  4.48566e+32  729829  3.2574e+11  -7.14e+08  5.2379e+30  72000  5.429e+12  1.19e+10  1.04758e+31  1.2e+06
10  1.47613e+13  -8.56118e+09  4.94334e+32  729439  3.2562e+11  -7.38e+08  5.77135e+30  72000  5.427e+12  1.23e+10  1.15427e+31  1.2e+06
11  1.47575e+13  -8.833e+09  5.42226e+32  729141  3.2556e+11  -7.62e+08  6.3313e+30  72000  5.426e+12  1.27e+10  1.26626e+31  1.2e+06
12  1.4753e+13  -9.10256e+09  5.92679e+32  728733  3.2544e+11  -7.86e+08  6.91905e+30  72000  5.424e+12  1.31e+10  1.38381e+31  1.2e+06
13  1.47485e+13  -9.36879e+09  6.45493e+32  729791  3.2538e+11  -8.04e+08  7.5362e+30  72000  5.423e+12  1.34e+10  1.50724e+31  1.2e+06
14  1.47444e+13  -9.62774e+09  7.00997e+32  729462  3.2526e+11  -8.28e+08  8.18415e+30  72000  5.421e+12  1.38e+10  1.63683e+31  1.2e+06
15  1.47397e+13  -9.89532e+09  7.59285e+32  729024  3.252e+11  -8.52e+08  8.86445e+30  72000  5.42e+12  1.42e+10  1.77289e+31  1.2e+06
16  1.47353e+13  -1.01509e+10  8.20781e+32  728672  3.2508e+11  -8.76e+08  9.5786e+30  71940  5.418e+12  1.46e+10  1.91572e+31  1.199e+06
17  1.47304e+13  -1.04033e+10  8.85059e+32  728208  3.2496e+11  -8.94e+08  1.03284e+31  71940  5.416e+12  1.49e+10  2.06568e+31  1.199e+06
18  1.47257e+13  -1.06529e+10  9.52258e+32  727831  3.2484e+11  -9.18e+08  1.11157e+31  71940  5.414e+12  1.53e+10  2.22314e+31  1.199e+06
19  1.47206e+13  -1.0922e+10  1.02219e+33  728812  3.2478e+11  -9.42e+08  1.19421e+31  71940  5.413e+12  1.57e+10  2.38842e+31  1.199e+06
20  1.47156e+13  -1.11801e+10  1.09649e+33  728405  3.2466e+11  -9.6e+08  1.28099e+31  71940  5.411e+12  1.6e+10  2.56198e+31  1.199e+06
21  1.47105e+13  -1.14265e+10  1.17443e+33  727983  3.2454e+11  -9.84e+08  1.37208e+31  71940  5.409e+12  1.64e+10  2.74416e+31  1.199e+06
22  1.47049e+13  -1.16875e+10  1.25602e+33  727445  3.2442e+11  -1.008e+09  1.46772e+31  71880  5.407e+12  1.68e+10  2.93543e+31  1.198e+06
23  1.46995e+13  -1.19505e+10  1.34271e+33  726990  3.243e+11  -1.032e+09  1.5681e+31  71880  5.405e+12  1.72e+10  3.13621e+31  1.198e+06
24  1.46939e+13  -1.22026e+10  1.43353e+33  727987  3.2418e+11  -1.05e+09  1.67352e+31  71880  5.403e+12  1.75e+10  3.34704e+31  1.198e+06
25  1.46883e+13  -1.24696e+10  1.52846e+33  728965  3.2406e+11  -1.074e+09  1.78417e+31  71880  5.401e+12  1.79e+10  3.56833e+31  1.198e+06
26  1.4682e+13  -1.27948e+10  1.62702e+33  728355  3.2394e+11  -1.098e+09  1.90034e+31  71880  5.399e+12  1.83e+10  3.80068e+31  1.198e+06
27  1.46759e+13  -1.29762e+10  1.73064e+33  727822  3.2382e+11  -1.122e+09  2.02241e+31  71880  5.397e+12  1.87e+10  4.04481e+31  1.198e+06
28  1.46696e+13  -1.32961e+10  1.84079e+33  727272  3.237e+11  -1.146e+09  2.15041e+31  71820  5.395e+12  1.91e+10  4.30083e+31  1.197e+06
29  1.4663e+13  -1.35081e+10  1.95644e+33  728165  3.2358e+11  -1.17e+09  2.28478e+31  71820  5.393e+12  1.95e+10  4.56956e+31  1.197e+06
30  1.46564e+13  -1.38585e+10  2.07788e+33  727572  3.234e+11  -1.194e+09  2.42589e+31  71820  5.39e+12  1.99e+10  4.85177e+31  1.197e+06
31  1.46479e+13  -1.4288e+10  2.2687e+33  726842  3.2322e+11  -1.224e+09  2.64803e+31  71820  5.387e+12  2.04e+10  5.29606e+31  1.197e+06
32  1.46373e+13  -1.46203e+10  2.46839e+33  727350  3.2304e+11  -1.26e+09  2.88134e+31  71760  5.384e+12  2.1e+10  5.76268e+31  1.196e+06
33  1.46269e+13  -1.50769e+10  2.6776e+33  727936  3.2274e+11  -1.296e+09  3.1262e+31  71760  5.379e+12  2.16e+10  6.2524e+31  1.196e+06
34  1.46157e+13  -1.54392e+10  2.89762e+33  726927  3.2256e+11  -1.332e+09  3.38318e+31  71760  5.376e+12  2.22e+10  6.76637e+31  1.196e+06
35  1.46048e+13  -1.58209e+10  3.12852e+33  727453  3.2232e+11  -1.368e+09  3.65307e+31  71700  5.372e+12  2.28e+10  7.30614e+31  1.195e+06
36  1.45932e+13  -1.623e+10  3.37019e+33  726388  3.2208e+11  -1.404e+09  3.93624e+31  71700  5.368e+12  2.34e+10  7.87248e+31  1.195e+06
37  1.45816e+13  -1.66501e+10  3.62411e+33  726848  3.2184e+11  -1.434e+09  4.23346e+31  71700  5.364e+12  2.39e+10  8.46692e+31  1.195e+06
38  1.45698e+13  -1.7089e+10  3.89091e+33  727271  3.2154e+11  -1.47e+09  4.5455e+31  71640  5.359e+12  2.45e+10  9.091e+31  1.194e+06
39  1.45576e+13  -1.74638e+10  4.16981e+33  727654  3.213e+11  -1.506e+09  4.87294e+31  71640  5.355e+12  2.51e+10  9.74589e+31  1.194e+06
40  1.45451e+13  -1.78604e+10  4.46289e+33  727998  3.21e+11  -1.542e+09  5.21675e+31  71580  5.35e+12  2.57e+10  1.04335e+32  1.193e+06
41  1.4532e+13  -1.82694e+10  4.77088e+33  726850  3.2076e+11  -1.578e+09  5.5775e+31  71580  5.346e+12  2.63e+10  1.1155e+32  1.193e+06
42  1.45188e+13  -1.86988e+10  5.09364e+33  727111  3.2046e+11  -1.608e+09  5.95635e+31  71580  5.341e+12  2.68e+10  1.19127e+32  1.193e+06
43  1.45051e+13  -1.90702e+10  5.43198e+33  725875  3.2016e+11  -1.644e+09  6.35385e+31  71520  5.336e+12  2.74e+10  1.27077e+32  1.192e+06
44  1.44913e+13  -1.94638e+10  5.78851e+33  726146  3.1986e+11  -1.68e+09  6.7712e+31  71520  5.331e+12  2.8e+10  1.35424e+32  1.192e+06
45  1.44768e+13  -1.98988e+10  6.16272e+33  724821  3.1956e+11  -1.716e+09  7.2091e+31  71460  5.326e+12  2.86e+10  1.44182e+32  1.191e+06
46  1.44622e+13  -2.03414e+10  6.55496e+33  724992  3.1926e+11  -1.752e+09  7.6688e+31  71460  5.321e+12  2.92e+10  1.53376e+32  1.191e+06
47  1.44471e+13  -2.07478e+10  6.96654e+33  725109  3.1896e+11  -1.788e+09  8.1512e+31  71400  5.316e+12  2.98e+10  1.63024e+32  1.19e+06
48  1.44316e+13  -2.11854e+10  7.39738e+33  725174  3.186e+11  -1.824e+09  8.6577e+31  71400  5.31e+12  3.04e+10  1.73154e+32  1.19e+06
49  1.44155e+13  -2.16511e+10  7.85019e+33  725181  3.1824e+11  -1.866e+09  9.1892e+31  71340  5.304e+12  3.11e+10  1.83784e+32  1.189e+06
50  1.4399e+13  -2.20553e+10  8.32477e+33  725129  3.1794e+11  -1.902e+09  9.74685e+31  71340  5.299e+12  3.17e+10  1.94937e+32  1.189e+06
51  1.43818e+13  -2.25009e+10  8.82253e+33  725016  3.1758e+11  -1.938e+09  1.03323e+32  71280  5.293e+12  3.23e+10  2.06645e+32  1.188e+06
52  1.43645e+13  -2.28995e+10  9.34534e+33  724940  3.1716e+11  -1.974e+09  1.09467e+32  71280  5.286e+12  3.29e+10  2.18934e+32  1.188e+06
53  1.43467e+13  -2.34e+10  9.89016e+33  724802  3.168e+11  -2.016e+09  1.15916e+32  71220  5.28e+12  3.36e+10  2.31832e+32  1.187e+06
54  1.43231e+13  -2.40378e+10  1.07596e+34  724118  3.1632e+11  -2.07e+09  1.26064e+32  71160  5.272e+12  3.45e+10  2.52129e+32  1.186e+06
55  1.4295e+13  -2.4727e+10  1.16681e+34  723023  3.1572e+11  -2.13e+09  1.36714e+32  71100  5.262e+12  3.55e+10  2.73427e+32  1.185e+06
56  1.42658e+13  -2.53617e+10  1.26198e+34  723257  3.1512e+11  -2.19e+09  1.47886e+32  71100  5.252e+12  3.65e+10  2.95772e+32  1.185e+06
57  1.42366e+13  -2.60335e+10  1.36214e+34  723517  3.1446e+11  -2.244e+09  1.59608e+32  71040  5.241e+12  3.74e+10  3.19215e+32  1.184e+06
58  1.42064e+13  -2.66794e+10  1.46578e+34  723676  3.138e+11  -2.304e+09  1.71907e+32  70980  5.23e+12  3.84e+10  3.43813e+32  1.183e+06
59  1.41757e+13  -2.73352e+10  1.575e+34  723758  3.1314e+11  -2.358e+09  1.84807e+32  70920  5.219e+12  3.93e+10  3.69615e+32  1.182e+06
60  1.41441e+13  -2.7997e+10  1.68901e+34  723739  3.1248e+11  -2.418e+09  1.98352e+32  70860  5.208e+12  4.03e+10  3.96704e+32  1.181e+06
61  1.41116e+13  -2.86744e+10  1.80845e+34  723615  3.1182e+11  -2.472e+09  2.12539e+32  70800  5.197e+12  4.12e+10  4.25078e+32  1.18e+06
62  1.40786e+13  -2.93323e+10  1.93431e+34  724891  3.111e+11  -2.532e+09  2.27439e+32  70680  5.185e+12  4.22e+10  4.54878e+32  1.178e+06
63  1.40447e+13  -2.99673e+10  2.06471e+34  724649  3.1038e+11  -2.592e+09  2.43069e+32  70620  5.173e+12  4.32e+10  4.86139e+32  1.177e+06
64  1.40097e+13  -3.06556e+10  2.20239e+34  724274  3.0966e+11  -2.646e+09  2.59451e+32  70560  5.161e+12  4.41e+10  5.18903e+32  1.176e+06
65  1.39742e+13  -3.12898e+10  2.34636e+34  724557  3.0888e+11  -2.706e+09  2.76661e+32  70500  5.148e+12  4.51e+10  5.53322e+32  1.175e+06
66  1.39375e+13  -3.20168e+10  2.4976e+34  723301  3.081e+11  -2.766e+09  2.94679e+32  70440  5.135e+12  4.61e+10  5.89358e+32  1.174e+06
67  1.38999e+13  -3.2678e+10  2.65605e+34  721924  3.0726e+11  -2.826e+09  3.13602e+32  70380  5.121e+12  4.71e+10  6.27203e+32  1.173e+06
68  1.38609e+13  -3.33634e+10  2.82229e+34  720398  3.0648e+11  -2.886e+09  3.33449e+32  70260  5.108e+12  4.81e+10  6.66897e+32  1.171e+06
69  1.38212e+13  -3.40707e+10  2.9972e+34  720203  3.0564e+11  -2.946e+09  3.54258e+32  70200  5.094e+12  4.91e+10  7.08516e+32  1.17e+06
70  1.37807e+13  -3.47674e+10  3.17919e+34  719977  3.0474e+11  -3.006e+09  3.76087e+32  70140  5.079e+12  5.01e+10  7.52174e+32  1.169e+06
71  1.37386e+13  -3.54577e+10  3.37093e+34  719484  3.0384e+11  -3.066e+09  3.98976e+32  70020  5.064e+12  5.11e+10  7.97951e+32  1.167e+06
72  1.36959e+13  -3.61735e+10  3.57154e+34  719021  3.0288e+11  -3.132e+09  4.22981e+32  69960  5.048e+12  5.22e+10  8.45961e+32  1.166e+06
73  1.36513e+13  -3.68818e+10  3.78156e+34  718285  3.0198e+11  -3.192e+09  4.48159e+32  69900  5.033e+12  5.32e+10  8.96318e+32  1.165e+06
74  1.36059e+13  -3.76378e+10  4.00213e+34  717470  3.0102e+11  -3.258e+09  4.7457e+32  69780  5.017e+12  5.43e+10  9.4914e+32  1.163e+06
75  1.35592e+13  -3.83762e+10  4.23245e+34  716567  3e+11  -3.324e+09  5.0225e+32  69660  5e+12  5.54e+10  1.0045e+33  1.161e+06
76  1.35111e+13  -3.90916e+10  4.47428e+34  715475  2.9898e+11  -3.384e+09  5.3128e+32  69600  4.983e+12  5.64e+10  1.06256e+33  1.16e+06
77  1.34615e+13  -3.98602e+10  4.72884e+34  714189  2.979e+11  -3.45e+09  5.61715e+32  69480  4.965e+12  5.75e+10  1.12343e+33  1.158e+06
78  1.34107e+13  -4.06888e+10  4.99523e+34  712803  2.9682e+11  -3.522e+09  5.9363e+32  69420  4.947e+12  5.87e+10  1.18726e+33  1.157e+06
79  1.33584e+13  -4.1465e+10  5.27526e+34  711205  2.9574e+11  -3.588e+09  6.2709e+32  69300  4.929e+12  5.98e+10  1.25418e+33  1.155e+06
80  1.33047e+13  -4.22933e+10  5.56792e+34  709496  2.946e+11  -3.654e+09  6.6216e+32  69180  4.91e+12  6.09e+10  1.32432e+33  1.153e+06
81  1.32494e+13  -4.28059e+10  5.87489e+34  708950  2.934e+11  -3.726e+09  6.9893e+32  69060  4.89e+12  6.21e+10  1.39786e+33  1.151e+06
82  1.31926e+13  -4.3734e+10  6.19651e+34  708210  2.9214e+11  -3.798e+09  7.3747e+32  68940  4.869e+12  6.33e+10  1.47494e+33  1.149e+06
83  1.31343e+13  -4.43891e+10  6.533e+34  707314  2.9088e+11  -3.864e+09  7.77875e+32  68820  4.848e+12  6.44e+10  1.55575e+33  1.147e+06
84  1.30741e+13  -4.54804e+10  6.8854e+34  706154  2.8962e+11  -3.942e+09  8.20225e+32  68700  4.827e+12  6.57e+10  1.64045e+33  1.145e+06
85  1.3012e+13  -4.62942e+10  7.25519e+34  704805  2.883e+11  -4.014e+09  8.64595e+32  68580  4.805e+12  6.69e+10  1.72919e+33  1.143e+06
86  1.29485e+13  -4.7154e+10  7.64103e+34  704599  2.8692e+11  -4.086e+09  9.111e+32  68460  4.782e+12  6.81e+10  1.8222e+33  1.141e+06
87  1.28826e+13  -4.8098e+10  8.0443e+34  704070  2.8554e+11  -4.164e+09  9.59865e+32  68340  4.759e+12  6.94e+10  1.91973e+33  1.139e+06
88  1.28149e+13  -4.87651e+10  8.46571e+34  703346  2.841e+11  -4.242e+09  1.01094e+33  68160  4.735e+12  7.07e+10  2.02187e+33  1.136e+06
89  1.27456e+13  -4.9827e+10  8.90791e+34  702411  2.826e+11  -4.32e+09  1.06445e+33  68040  4.71e+12  7.2e+10  2.1289e+33  1.134e+06
90  1.26742e+13  -5.06433e+10  9.37083e+34  701250  2.8104e+11  -4.398e+09  1.12052e+33  67920  4.684e+12  7.33e+10  2.24105e+33  1.132e+06
91  1.26004e+13  -5.15389e+10  9.85516e+34  699742  2.7948e+11  -4.476e+09  1.17926e+33  67740  4.658e+12  7.46e+10  2.35851e+33  1.129e+06
92  1.25248e+13  -5.24902e+10  1.03615e+35  699271  2.7786e+11  -4.56e+09  1.24079e+33  67560  4.631e+12  7.6e+10  2.48159e+33  1.126e+06
93  1.24472e+13  -5.32417e+10  1.08902e+35  698608  2.7618e+11  -4.644e+09  1.30524e+33  67440  4.603e+12  7.74e+10  2.61049e+33  1.124e+06
94  1.23671e+13  -5.43736e+10  1.14435e+35  697518  2.745e+11  -4.728e+09  1.37276e+33  67260  4.575e+12  7.88e+10  2.74551e+33  1.121e+06
95  1.22848e+13  -5.5291e+10  1.20276e+35  696188  2.727e+11  -4.812e+09  1.44346e+33  67080  4.545e+12  8.02e+10  2.88692e+33  1.118e+06
96  1.22006e+13  -5.6315e+10  1.26332e+35  695817  2.709e+11  -4.902e+09  1.51752e+33  66900  4.515e+12  8.17e+10  3.03503e+33  1.115e+06
97  1.21137e+13  -5.73953e+10  1.32595e+35  695090  2.6904e+11  -4.992e+09  1.59503e+33  66720  4.484e+12  8.32e+10  3.19007e+33  1.112e+06
98  1.20238e+13  -5.8289e+10  1.39106e+35  693978  2.6712e+11  -5.082e+09  1.67621e+33  66540  4.452e+12  8.47e+10  3.35243e+33  1.109e+06
99  1.19321e+13  -5.92922e+10  1.46055e+35  691872  2.6514e+11  -5.172e+09  1.76118e+33  66300  4.419e+12  8.62e+10  3.52236e+33  1.105e+06
100  1.18374e+13  -6.03789e+10  1.5321e+35  687014  2.631e+11  -5.268e+09  1.85014e+33  66120  4.385e+12  8.78e+10  3.70027e+33  1.102e+06
101  1.17404e+13  -6.13147e+10  1.60777e+35  687694  2.61e+11  -5.364e+09  1.94328e+33  65940  4.35e+12  8.94e+10  3.88657e+33  1.099e+06
102  1.16407e+13  -6.25799e+10  1.68554e+35  687983  2.5884e+11  -5.46e+09  2.0407e+33  65700  4.314e+12  9.1e+10  4.08139e+33  1.095e+06
103  1.15379e+13  -6.3709e+10  1.76758e+35  687813  2.5662e+11  -5.556e+09  2.14252e+33  65460  4.277e+12  9.26e+10  4.28505e+33  1.091e+06
104  1.14324e+13  -6.46949e+10  1.85395e+35  675724  2.5434e+11  -5.658e+09  2.24936e+33  65220  4.239e+12  9.43e+10  4.49873e+33  1.087e+06
105  1.13241e+13  -6.59954e+10  1.94482e+35  674654  2.52e+11  -5.76e+09  2.36082e+33  64980  4.2e+12  9.6e+10  4.72164e+33  1.083e+06
106  1.12127e+13  -6.69618e+10  2.03997e+35  673039  2.496e+11  -5.862e+09  2.47766e+33  64740  4.16e+12  9.77e+10  4.95533e+33  1.079e+06
107  1.10986e+13  -6.82805e+10  2.13789e+35  671067  2.4714e+11  -5.97e+09  2.59971e+33  64500  4.119e+12  9.95e+10  5.19942e+33  1.075e+06
108  1.09806e+13  -6.94698e+10  2.24126e+35  668446  2.4462e+11  -6.06e+09  2.72734e+33  64200  4.077e+12  1.01e+11  5.45468e+33  1.07e+06
109  1.08601e+13  -7.0757e+10  2.34667e+35  676335  2.4198e+11  -6.18e+09  2.86074e+33  63960  4.033e+12  1.03e+11  5.72148e+33  1.066e+06
110  1.0736e+13  -7.19198e+10  2.45671e+35  672765  2.3928e+11  -6.3e+09  3.0003e+33  63660  3.988e+12  1.05e+11  6.00061e+33  1.061e+06
111  1.0609e+13  -7.32521e+10  2.57121e+35  668597  2.3658e+11  -6.42e+09  3.14603e+33  63360  3.943e+12  1.07e+11  6.29206e+33  1.056e+06
112  1.0478e+13  -7.44905e+10  2.69138e+35  663704  2.3376e+11  -6.54e+09  3.29849e+33  63060  3.896e+12  1.09e+11  6.59697e+33  1.051e+06
113  1.03445e+13  -7.58288e+10  2.81528e+35  668177  2.3082e+11  -6.66e+09  3.45768e+33  62760  3.847e+12  1.11e+11  6.91537e+33  1.046e+06
114  1.02066e+13  -7.70812e+10  2.94281e+35  671724  2.2782e+11  -6.78e+09  3.62381e+33  62400  3.797e+12  1.13e+11  7.24762e+33  1.04e+06
115  1.00659e+13  -7.84677e+10  3.07381e+35  674524  2.2476e+11  -6.9e+09  3.79744e+33  62100  3.746e+12  1.15e+11  7.59489e+33  1.035e+06
116  9.92088e+12  -7.97695e+10  3.20812e+35  676440  2.2164e+11  -7.02e+09  3.97878e+33  61740  3.694e+12  1.17e+11  7.95756e+33  1.029e+06
117  9.77284e+12  -8.12276e+10  3.34624e+35  677556  2.1846e+11  -7.14e+09  4.16801e+33  61380  3.641e+12  1.19e+11  8.33602e+33  1.023e+06
118  9.62133e+12  -8.26011e+10  3.4889e+35  677816  2.1516e+11  -7.32e+09  4.36551e+33  61020  3.586e+12  1.22e+11  8.73103e+33  1.017e+06
119  9.46563e+12  -8.398e+10  3.63609e+35  677213  2.1174e+11  -7.44e+09  4.57168e+33  60600  3.529e+12  1.24e+11  9.14336e+33  1.01e+06
120  9.30621e+12  -8.54904e+10  3.78793e+35  675619  2.0826e+11  -7.56e+09  4.7867e+33  60240  3.471e+12  1.26e+11  9.57341e+33  1.004e+06
121  9.1433e+12  -8.69923e+10  3.94527e+35  673187  2.0472e+11  -7.68e+09  5.0108e+33  59808  3.412e+12  1.28e+11  1.00216e+34  996800
122  8.97647e+12  -8.84338e+10  4.1089e+35  669151  2.0106e+11  -7.86e+09  5.24445e+33  59382  3.351e+12  1.31e+11  1.04889e+34  989700
123  8.80623e+12  -9.00578e+10  4.27918e+35  664038  1.9734e+11  -7.98e+09  5.488e+33  58938  3.289e+12  1.33e+11  1.0976e+34  982300
124  8.63182e+12  -9.15556e+10  4.45697e+35  657943  1.935e+11  -8.16e+09  5.7417e+33  58476  3.225e+12  1.36e+11  1.14834e+34  974600
125  8.45356e+12  -9.32206e+10  4.63813e+35  659333  1.896e+11  -8.28e+09  6.006e+33  58002  3.16e+12  1.38e+11  1.2012e+34  966700
126  8.27213e+12  -9.48926e+10  4.82822e+35  651153  1.8564e+11  -8.46e+09  6.2811e+33  57510  3.094e+12  1.41e+11  1.25622e+34  958500
127  8.09122e+12  -9.65021e+10  5.01389e+35  650613  1.8162e+11  -8.64e+09  6.55385e+33  57012  3.027e+12  1.44e+11  1.31077e+34  950200
128  7.91494e+12  -9.80658e+10  5.19548e+35  649778  1.7772e+11  -8.76e+09  6.8241e+33  56520  2.962e+12  1.46e+11  1.36482e+34  942000
129  7.7388e+12  -9.96826e+10  5.38167e+35  648081  1.7388e+11  -8.94e+09  7.10555e+33  56022  2.898e+12  1.49e+11  1.42111e+34  933700
130  7.56284e+12  -1.01215e+11  5.56458e+35  645050  1.6998e+11  -9.06e+09  7.3843e+33  55518  2.833e+12  1.51e+11  1.47686e+34  925300
131  7.38711e+12  -1.02818e+11  5.75342e+35  641201  1.6608e+11  -9.24e+09  7.6744e+33  55008  2.768e+12  1.54e+11  1.53488e+34  916800
132  7.2117e+12  -1.04387e+11  5.93942e+35  636524  1.6218e+11  -9.42e+09  7.9618e+33  54492  2.703e+12  1.57e+11  1.59236e+34  908200
133  7.04094e+12  -1.05907e+11  6.12272e+35  631639  1.584e+11  -9.54e+09  8.2465e+33  53976  2.64e+12  1.59e+11  1.6493e+34  899600
134  6.87521e+12  -1.07394e+11  6.30339e+35  626621  1.5474e+11  -9.72e+09  8.5285e+33  53472  2.579e+12  1.62e+11  1.7057e+34  891200
135  6.70927e+12  -1.08935e+11  6.49151e+35  620772  1.5102e+11  -9.84e+09  8.8217e+33  52956  2.517e+12  1.64e+11  1.76434e+34  882600
136  6.54307e+12  -1.10492e+11  6.68177e+35  608004  1.473e+11  -1.002e+10  9.112e+33  52434  2.455e+12  1.67e+11  1.8224e+34  873900
137  6.38118e+12  -1.12046e+11  6.87414e+35  595221  1.437e+11  -1.014e+10  9.3996e+33  51912  2.395e+12  1.69e+11  1.87992e+34  865200
138  6.22269e+12  -1.13558e+11  7.06415e+35  588489  1.4016e+11  -1.032e+10  9.6841e+33  51402  2.336e+12  1.72e+11  1.93682e+34  856700
139  6.06433e+12  -1.15149e+11  7.26337e+35  580919  1.3662e+11  -1.044e+10  9.97995e+33  50880  2.277e+12  1.74e+11  1.99599e+34  848000
140  5.90603e+12  -1.16752e+11  7.46175e+35  572548  1.3308e+11  -1.062e+10  1.02726e+34  50346  2.218e+12  1.77e+11  2.05451e+34  839100
141  5.75137e+12  -1.18265e+11  7.65946e+35  563763  1.296e+11  -1.074e+10  1.05623e+34  49818  2.16e+12  1.79e+11  2.11246e+34  830300
142  5.6006e+12  -1.19866e+11  7.85988e+35  554800  1.2624e+11  -1.086e+10  1.08489e+34  49290  2.104e+12  1.81e+11  2.16978e+34  821500
143  5.45263e+12  -1.2194e+11  8.05284e+35  550903  1.2294e+11  -1.104e+10  1.11325e+34  48774  2.049e+12  1.84e+11  2.22649e+34  812900
144  5.30828e+12  -1.23059e+11  8.24858e+35  541216  1.197e+11  -1.116e+10  1.14129e+34  48252  1.995e+12  1.86e+11  2.28259e+34  804200
145  5.16759e+12  -1.2416e+11  8.44259e+35  536528  1.1652e+11  -1.134e+10  1.16906e+34  47736  1.942e+12  1.89e+11  2.33811e+34  795600
146  5.02924e+12  -1.2644e+11  8.63048e+35  531197  1.134e+11  -1.146e+10  1.19652e+34  47226  1.89e+12  1.91e+11  2.39304e+34  787100
147  4.89343e+12  -1.27553e+11  8.82154e+35  519905  1.104e+11  -1.158e+10  1.22369e+34  46716  1.84e+12  1.93e+11  2.44737e+34  778600
148  4.76166e+12  -1.28714e+11  9.01153e+35  513379  1.074e+11  -1.176e+10  1.25054e+34  46212  1.79e+12  1.96e+11  2.50108e+34  770200
149  4.6325e+12  -1.29904e+11  9.20105e+35  506370  1.0452e+11  -1.188e+10  1.27712e+34  45702  1.742e+12  1.98e+11  2.55424e+34  761700
150  4.50606e+12  -1.32193e+11  9.38566e+35  498939  1.0164e+11  -1.2e+10  1.3034e+34  45198  1.694e+12  2e+11  2.6068e+34  753300
151  4.38144e+12  -1.33379e+11  9.57446e+35  490956  9.888e+10  -1.212e+10  1.32938e+34  44700  1.648e+12  2.02e+11  2.65877e+34  745000
152  4.25949e+12  -1.34573e+11  9.76251e+35  482598  9.612e+10  -1.23e+10  1.35508e+34  44202  1.602e+12  2.05e+11  2.71017e+34  736700
153  4.14042e+12  -1.35828e+11  9.9467e+35  473934  9.342e+10  -1.242e+10  1.3805e+34  43704  1.557e+12  2.07e+11  2.76099e+34  728400
154  4.02395e+12  -1.38166e+11  1.01318e+36  468938  9.078e+10  -1.254e+10  1.40561e+34  43206  1.513e+12  2.09e+11  2.81123e+34  720100
155  3.90883e+12  -1.39429e+11  1.03143e+36  463253  8.82e+10  -1.266e+10  1.43045e+34  42708  1.47e+12  2.11e+11  2.8609e+34  711800
156  3.79622e+12  -1.40741e+11  1.04974e+36  453255  8.568e+10  -1.284e+10  1.45499e+34  42216  1.428e+12  2.14e+11  2.90998e+34  703600
157  3.68593e+12  -1.42078e+11  1.06777e+36  446635  8.322e+10  -1.296e+10  1.47924e+34  41724  1.387e+12  2.16e+11  2.95849e+34  695400
158  3.57785e+12  -1.43384e+11  1.08571e+36  443125  8.076e+10  -1.308e+10  1.50323e+34  41232  1.346e+12  2.18e+11  3.00646e+34  687200
159  3.47196e+12  -1.44752e+11  1.10346e+36  435514  7.842e+10  -1.32e+10  1.52691e+34  40740  1.307e+12  2.2e+11  3.05382e+34  679000
160  3.36825e+12  -1.47139e+11  1.12135e+36  427438  7.608e+10  -1.332e+10  1.55032e+34  40248  1.268e+12  2.22e+11  3.10064e+34  670800
161  3.26575e+12  -1.48567e+11  1.13881e+36  422060  7.374e+10  -1.35e+10  1.57342e+34  39756  1.229e+12  2.25e+11  3.14684e+34  662600
162  3.16523e+12  -1.50015e+11  1.15625e+36  416088  7.152e+10  -1.362e+10  1.59627e+34  39270  1.192e+12  2.27e+11  3.19254e+34  654500
163  3.06667e+12  -1.51441e+11  1.1733e+36  409541  6.93e+10  -1.374e+10  1.61881e+34  38778  1.155e+12  2.29e+11  3.23762e+34  646300
164  2.96999e+12  -1.52939e+11  1.19034e+36  401954  6.714e+10  -1.386e+10  1.64106e+34  38292  1.119e+12  2.31e+11  3.28212e+34  638200
165  2.87519e+12  -1.54441e+11  1.20743e+36  393865  6.504e+10  -1.398e+10  1.66305e+34  37800  1.084e+12  2.33e+11  3.32609e+34  630000
166  2.78223e+12  -1.56011e+11  1.2243e+36  388081  6.294e+10  -1.416e+10  1.68474e+34  37314  1.049e+12  2.36e+11  3.36948e+34  621900
167  2.69077e+12  -1.56683e+11  1.24101e+36  381568  6.09e+10  -1.428e+10  1.70615e+34  36822  1.015e+12  2.38e+11  3.41229e+34  613700
168  2.60162e+12  -1.58316e+11  1.2574e+36  377212  5.8884e+10  -1.44e+10  1.72726e+34  36330  9.814e+11  2.4e+11  3.45453e+34  605500
169  2.51414e+12  -1.59974e+11  1.2737e+36  372104  5.6916e+10  -1.452e+10  1.74811e+34  35844  9.486e+11  2.42e+11  3.49622e+34  597400
170  2.42807e+12  -1.61677e+11  1.28971e+36  366248  5.4984e+10  -1.464e+10  1.76867e+34  35352  9.164e+11  2.44e+11  3.53734e+34  589200
171  2.34356e+12  -1.63393e+11  1.3055e+36  359615  5.3094e+10  -1.482e+10  1.78894e+34  34860  8.849e+11  2.47e+11  3.57788e+34  581000
172  2.26056e+12  -1.64268e+11  1.32109e+36  354574  5.124e+10  -1.494e+10  1.80892e+34  34368  8.54e+11  2.49e+11  3.61784e+34  572800
173  2.17942e+12  -1.66089e+11  1.33653e+36  348816  4.9428e+10  -1.506e+10  1.82862e+34  33876  8.238e+11  2.51e+11  3.65723e+34  564600
174  2.09983e+12  -1.67924e+11  1.35172e+36  344091  4.764e+10  -1.518e+10  1.84802e+34  33378  7.94e+11  2.53e+11  3.69604e+34  556300
175  2.02165e+12  -1.68936e+11  1.3668e+36  336454  4.5888e+10  -1.536e+10  1.86713e+34  32886  7.648e+11  2.56e+11  3.73427e+34  548100
176  1.94519e+12  -1.70895e+11  1.38186e+36  330139  4.4178e+10  -1.548e+10  1.88596e+34  32388  7.363e+11  2.58e+11  3.77192e+34  539800
177  1.87005e+12  -1.72033e+11  1.39658e+36  324912  4.2498e+10  -1.56e+10  1.90452e+34  31890  7.083e+11  2.6e+11  3.80904e+34  531500
178  1.79651e+12  -1.74073e+11  1.41103e+36  320619  4.0848e+10  -1.572e+10  1.92277e+34  31392  6.808e+11  2.62e+11  3.84553e+34  523200
179  1.72787e+12  -1.74834e+11  1.42375e+36  316493  3.9318e+10  -1.584e+10  1.93886e+34  30912  6.553e+11  2.64e+11  3.87772e+34  515200
180  1.66418e+12  -1.76495e+11  1.43616e+36  312668  3.789e+10  -1.602e+10  1.95483e+34  30456  6.315e+11  2.67e+11  3.90967e+34  507600
181  1.60148e+12  -1.78177e+11  1.44836e+36  307976  3.6492e+10  -1.614e+10  1.97063e+34  30006  6.082e+11  2.69e+11  3.94125e+34  500100
182  1.53997e+12  -1.79089e+11  1.46048e+36  302468  3.5118e+10  -1.626e+10  1.98603e+34  29544  5.853e+11  2.71e+11  3.97205e+34  492400
183  1.47977e+12  -1.80894e+11  1.47226e+36  297750  3.3768e+10  -1.638e+10  2.00123e+34  29088  5.628e+11  2.73e+11  4.00246e+34  484800
184  1.42061e+12  -1.81916e+11  1.4839e+36  292182  3.2442e+10  -1.65e+10  2.01625e+34  28626  5.407e+11  2.75e+11  4.03249e+34  477100
185  1.36547e+12  -1.83395e+11  1.49417e+36  288218  3.1212e+10  -1.662e+10  2.02953e+34  28182  5.202e+11  2.77e+11  4.05905e+34  469700
186  1.31413e+12  -1.84906e+11  1.5044e+36  283121  3.006e+10  -1.674e+10  2.04262e+34  27762  5.01e+11  2.79e+11  4.08524e+34  462700
187  1.26366e+12  -1.85684e+11  1.51446e+36  277325  2.8932e+10  -1.686e+10  2.05552e+34  27342  4.822e+11  2.81e+11  4.11103e+34  455700
188  1.2141e+12  -1.87268e+11  1.52443e+36  272087  2.7822e+10  -1.698e+10  2.06822e+34  26916  4.637e+11  2.83e+11  4.13644e+34  448600
189  1.16543e+12  -1.88144e+11  1.53426e+36  267270  2.673e+10  -1.71e+10  2.08054e+34  26490  4.455e+11  2.85e+11  4.16108e+34  441500
190  1.11767e+12  -1.89847e+11  1.54387e+36  262816  2.5662e+10  -1.722e+10  2.09286e+34  26064  4.277e+11  2.87e+11  4.18572e+34  434400
191  1.0731e+12  -1.91216e+11  1.55248e+36  257429  2.466e+10  -1.734e+10  2.10383e+34  25650  4.11e+11  2.89e+11  4.20766e+34  427500
192  1.03145e+12  -1.91886e+11  1.5609e+36  253283  2.373e+10  -1.746e+10  2.11442e+34  25260  3.955e+11  2.91e+11  4.22884e+34  421000
193  9.90629e+11  -1.93358e+11  1.56921e+36  248465  2.2818e+10  -1.758e+10  2.12501e+34  24864  3.803e+11  2.93e+11  4.25001e+34  414400
194  9.50476e+11  -1.949e+11  1.57738e+36  243881  2.1918e+10  -1.77e+10  2.1354e+34  24468  3.653e+11  2.95e+11  4.27081e+34  407800
195  9.10957e+11  -1.95717e+11  1.58534e+36  240356  2.1036e+10  -1.776e+10  2.1456e+34  24072  3.506e+11  2.96e+11  4.29121e+34  401200
196  8.74032e+11  -1.96933e+11  1.59247e+36  236033  2.0208e+10  -1.788e+10  2.15465e+34  23688  3.368e+11  2.98e+11  4.3093e+34  394800
197  8.39656e+11  -1.9822e+11  1.59942e+36  231904  1.9434e+10  -1.8e+10  2.16351e+34  23322  3.239e+11  3e+11  4.32702e+34  388700
198  8.05842e+11  -1.99533e+11  1.60626e+36  227900  1.8678e+10  -1.812e+10  2.17236e+34  22956  3.113e+11  3.02e+11  4.34472e+34  382600
199  7.7261e+11  -2.00198e+11  1.61307e+36  223194  1.7934e+10  -1.824e+10  2.18083e+34  22584  2.989e+11  3.04e+11  4.36167e+34  376400
200  7.39854e+11  -2.01645e+11  1.61974e+36  218272  1.7202e+10  -1.836e+10  2.1893e+34  22206  2.867e+11  3.06e+11  4.3786e+34  370100
201  7.09301e+11  -2.02775e+11  1.62565e+36  214456  1.6512e+10  -1.842e+10  2.19681e+34  21852  2.752e+11  3.07e+11  4.39362e+34  364200
202  6.80822e+11  -2.03941e+11  1.63144e+36  210090  1.5876e+10  -1.854e+10  2.20432e+34  21504  2.646e+11  3.09e+11  4.40864e+34  358400
203  6.52787e+11  -2.04468e+11  1.63717e+36  206404  1.5246e+10  -1.866e+10  2.21144e+34  21162  2.541e+11  3.11e+11  4.42288e+34  352700
204  6.25293e+11  -2.0577e+11  1.64279e+36  202521  1.4622e+10  -1.872e+10  2.21856e+34  20814  2.437e+11  3.12e+11  4.43713e+34  346900
205  5.98031e+11  -2.07126e+11  1.6483e+36  198396  1.4016e+10  -1.884e+10  2.22569e+34  20460  2.336e+11  3.14e+11  4.45137e+34  341000
206  5.72678e+11  -2.08181e+11  1.65321e+36  194438  1.344e+10  -1.896e+10  2.23184e+34  20124  2.24e+11  3.16e+11  4.46369e+34  335400
207  5.4907e+11  -2.09294e+11  1.65801e+36  191372  1.2912e+10  -1.902e+10  2.23801e+34  19800  2.152e+11  3.17e+11  4.47601e+34  330000
208  5.2576e+11  -2.09774e+11  1.66272e+36  187396  1.2384e+10  -1.914e+10  2.24397e+34  19476  2.064e+11  3.19e+11  4.48794e+34  324600
209  5.02815e+11  -2.11001e+11  1.66736e+36  183788  1.1868e+10  -1.926e+10  2.24994e+34  19146  1.978e+11  3.21e+11  4.49988e+34  319100
210  4.81431e+11  -2.11935e+11  1.67146e+36  180273  1.1382e+10  -1.932e+10  2.25513e+34  18828  1.897e+11  3.22e+11  4.51027e+34  313800
211  4.61371e+11  -2.1294e+11  1.6755e+36  176503  1.0932e+10  -1.944e+10  2.26033e+34  18528  1.822e+11  3.24e+11  4.52067e+34  308800
212  4.41604e+11  -2.13983e+11  1.67949e+36  173313  1.0488e+10  -1.956e+10  2.26534e+34  18222  1.748e+11  3.26e+11  4.53068e+34  303700
213  4.22132e+11  -2.15082e+11  1.68337e+36  169889  1.005e+10  -1.962e+10  2.27034e+34  17910  1.675e+11  3.27e+11  4.54069e+34  298500
214  4.03897e+11  -2.1591e+11  1.68682e+36  166077  9.636e+09  -1.974e+10  2.27477e+34  17616  1.606e+11  3.29e+11  4.54954e+34  293600
215  3.86842e+11  -2.16794e+11  1.69019e+36  162915  9.252e+09  -1.98e+10  2.2792e+34  17328  1.542e+11  3.3e+11  4.5584e+34  288800
216  3.70046e+11  -2.17742e+11  1.6935e+36  159387  8.874e+09  -1.992e+10  2.28344e+34  17046  1.479e+11  3.32e+11  4.56687e+34  284100
217  3.5349e+11  -2.18728e+11  1.69679e+36  155984  8.502e+09  -1.998e+10  2.28767e+34  16752  1.417e+11  3.33e+11  4.57534e+34  279200
218  3.37969e+11  -2.1945e+11  1.69967e+36  152942  8.148e+09  -2.01e+10  2.29133e+34  16470  1.358e+11  3.35e+11  4.58265e+34  274500
219  3.23477e+11  -2.20236e+11  1.70252e+36  149964  7.824e+09  -2.016e+10  2.29499e+34  16206  1.304e+11  3.36e+11  4.58997e+34  270100
220  3.0918e+11  -2.21053e+11  1.70529e+36  146731  7.5e+09  -2.028e+10  2.29845e+34  15936  1.25e+11  3.38e+11  4.5969e+34  265600
221  2.95096e+11  -2.21925e+11  1.70802e+36  143541  7.182e+09  -2.034e+10  2.3021e+34  15660  1.197e+11  3.39e+11  4.60421e+34  261000
222  2.8191e+11  -2.22572e+11  1.71044e+36  140361  6.882e+09  -2.046e+10  2.30518e+34  15396  1.147e+11  3.41e+11  4.61037e+34  256600
223  2.69582e+11  -2.23272e+11  1.71283e+36  137248  6.6e+09  -2.052e+10  2.30827e+34  15144  1.1e+11  3.42e+11  4.61653e+34  252400
224  2.57415e+11  -2.24006e+11  1.71516e+36  134400  6.324e+09  -2.058e+10  2.31135e+34  14886  1.054e+11  3.43e+11  4.6227e+34  248100
225  2.45439e+11  -2.2477e+11  1.71743e+36  131369  6.054e+09  -2.07e+10  2.31424e+34  14628  1.009e+11  3.45e+11  4.62847e+34  243800
226  2.34181e+11  -2.25932e+11  1.71943e+36  128442  5.799e+09  -2.076e+10  2.31693e+34  14376  9.665e+10  3.46e+11  4.63386e+34  239600
227  2.23636e+11  -2.26537e+11  1.72141e+36  125322  5.5602e+09  -2.082e+10  2.31943e+34  14136  9.267e+10  3.47e+11  4.63886e+34  235600
228  2.13248e+11  -2.27181e+11  1.72333e+36  123006  5.3238e+09  -2.094e+10  2.32193e+34  13890  8.873e+10  3.49e+11  4.64387e+34  231500
229  2.03485e+11  -2.27626e+11  1.72506e+36  118995  5.1024e+09  -2.1e+10  2.32425e+34  13656  8.504e+10  3.5e+11  4.64849e+34  227600
230  1.944e+11  -2.28718e+11  1.72673e+36  117128  4.8948e+09  -2.106e+10  2.32636e+34  13434  8.158e+10  3.51e+11  4.65273e+34  223900
231  1.85405e+11  -2.29209e+11  1.72836e+36  114686  4.6896e+09  -2.118e+10  2.32867e+34  13206  7.816e+10  3.53e+11  4.65734e+34  220100
232  1.76505e+11  -2.29759e+11  1.72993e+36  113412  4.4868e+09  -2.124e+10  2.33079e+34  12972  7.478e+10  3.54e+11  4.66158e+34  216200
233  1.68178e+11  -2.30097e+11  1.73133e+36  110487  4.2966e+09  -2.13e+10  2.33252e+34  12750  7.161e+10  3.55e+11  4.66504e+34  212500
234  1.60398e+11  -2.31103e+11  1.73271e+36  107606  4.119e+09  -2.136e+10  2.33445e+34  12540  6.865e+10  3.56e+11  4.66889e+34  209000
235  1.527e+11  -2.31544e+11  1.73405e+36  104161  3.9426e+09  -2.148e+10  2.33618e+34  12318  6.571e+10  3.58e+11  4.67236e+34  205300
236  1.45447e+11  -2.32398e+11  1.73525e+36  100831  3.777e+09  -2.154e+10  2.33791e+34  12108  6.295e+10  3.59e+11  4.67582e+34  201800
237  1.38654e+11  -2.32669e+11  1.73645e+36  97474  3.6222e+09  -2.16e+10  2.33945e+34  11910  6.037e+10  3.6e+11  4.6789e+34  198500
238  1.31978e+11  -2.32983e+11  1.73762e+36  95120.2  3.4686e+09  -2.166e+10  2.34099e+34  11706  5.781e+10  3.61e+11  4.68198e+34  195100
239  1.25386e+11  -2.3392e+11  1.73876e+36  92338.4  3.3174e+09  -2.172e+10  2.34253e+34  11496  5.529e+10  3.62e+11  4.68507e+34  191600
240  1.19191e+11  -2.34085e+11  1.73978e+36  89567.8  3.1746e+09  -2.184e+10  2.34388e+34  11298  5.291e+10  3.64e+11  4.68776e+34  188300
241  1.13699e+11  -2.34691e+11  1.74066e+36  87374.9  3.048e+09  -2.19e+10  2.34504e+34  11112  5.08e+10  3.65e+11  4.69007e+34  185200
242  1.08519e+11  -2.35299e+11  1.74154e+36  85180.9  2.9286e+09  -2.196e+10  2.34619e+34  10938  4.881e+10  3.66e+11  4.69238e+34  182300
243  1.03389e+11  -2.35358e+11  1.74238e+36  83670.2  2.811e+09  -2.202e+10  2.34754e+34  10758  4.685e+10  3.67e+11  4.69508e+34  179300
244  9.83065e+10  -2.36038e+11  1.74321e+36  80656.5  2.694e+09  -2.208e+10  2.3485e+34  10578  4.49e+10  3.68e+11  4.697e+34  176300
245  9.33062e+10  -2.36735e+11  1.74402e+36  78306.7  2.5788e+09  -2.214e+10  2.34966e+34  10398  4.298e+10  3.69e+11  4.69931e+34  173300
246  8.83418e+10  -2.3689e+11  1.74481e+36  76376.8  2.4642e+09  -2.22e+10  2.35081e+34  10206  4.107e+10  3.7e+11  4.70162e+34  170100
247  8.3711e+10  -2.37461e+11  1.74549e+36  74511.6  2.3568e+09  -2.226e+10  2.35177e+34  10026  3.928e+10  3.71e+11  4.70355e+34  167100
248  7.95646e+10  -2.37322e+11  1.7461e+36  72145.2  2.2608e+09  -2.232e+10  2.35254e+34  9864  3.768e+10  3.72e+11  4.70508e+34  164400
249  7.56801e+10  -2.37767e+11  1.74669e+36  69889.9  2.1708e+09  -2.238e+10  2.3535e+34  9702  3.618e+10  3.73e+11  4.70701e+34  161700
250  7.18354e+10  -2.38227e+11  1.74727e+36  68011.1  2.0814e+09  -2.244e+10  2.35428e+34  9540  3.469e+10  3.74e+11  4.70855e+34  159000
251  6.80393e+10  -2.38709e+11  1.74782e+36  65742.1  1.9932e+09  -2.25e+10  2.35505e+34  9378  3.322e+10  3.75e+11  4.71009e+34  156300
252  6.42811e+10  -2.38656e+11  1.74836e+36  63147.6  1.9056e+09  -2.256e+10  2.35601e+34  9210  3.176e+10  3.76e+11  4.71201e+34  153500
253  6.0733e+10  -2.39033e+11  1.74886e+36  60556.6  1.8234e+09  -2.262e+10  2.35659e+34  9048  3.039e+10  3.77e+11  4.71317e+34  150800
254  5.74221e+10  -2.3943e+11  1.74932e+36  58108.4  1.746e+09  -2.268e+10  2.35736e+34  8892  2.91e+10  3.78e+11  4.71471e+34  148200
255  5.41561e+10  -2.39849e+11  1.74979e+36  55894.4  1.6692e+09  -2.274e+10  2.35812e+34  8736  2.782e+10  3.79e+11  4.71625e+34  145600
256  5.10729e+10  -2.40132e+11  1.75019e+36  53667.9  1.5972e+09  -2.28e+10  2.3587e+34  8586  2.662e+10  3.8e+11  4.7174e+34  143100
257  4.81805e+10  -2.39858e+11  1.75058e+36  51501.9  1.5294e+09  -2.286e+10  2.35928e+34  8436  2.549e+10  3.81e+11  4.71856e+34  140600
258  4.53126e+10  -2.40162e+11  1.75097e+36  49520.5  1.4622e+09  -2.292e+10  2.35985e+34  8286  2.437e+10  3.82e+11  4.71971e+34  138100
259  4.2638e+10  -2.40336e+11  1.7513e+36  47140.9  1.3992e+09  -2.298e+10  2.36043e+34  8142  2.332e+10  3.83e+11  4.72087e+34  135700
260  4.01319e+10  -2.40534e+11  1.75163e+36  45222.1  1.3398e+09  -2.304e+10  2.36082e+34  7998  2.233e+10  3.84e+11  4.72164e+34  133300
261  3.76442e+10  -2.40749e+11  1.75194e+36  43026.6  1.281e+09  -2.31e+10  2.36139e+34  7860  2.135e+10  3.85e+11  4.72279e+34  131000
262  3.52885e+10  -2.40831e+11  1.75222e+36  40800.4  1.2252e+09  -2.316e+10  2.36178e+34  7722  2.042e+10  3.86e+11  4.72357e+34  128700
263  3.30893e+10  -2.40932e+11  1.7525e+36  38633  1.173e+09  -2.316e+10  2.36217e+34  7584  1.955e+10  3.86e+11  4.72434e+34  126400
264  3.09108e+10  -2.41034e+11  1.75276e+36  36547.7  1.1214e+09  -2.322e+10  2.36274e+34  7452  1.869e+10  3.87e+11  4.72549e+34  124200
265  2.88759e+10  -2.41031e+11  1.75299e+36  34486.9  1.0728e+09  -2.328e+10  2.36294e+34  7320  1.788e+10  3.88e+11  4.72587e+34  122000
266  2.6959e+10  -2.41039e+11  1.75321e+36  32445.6  1.0266e+09  -2.334e+10  2.36332e+34  7194  1.711e+10  3.89e+11  4.72664e+34  119900
267  2.50475e+10  -2.41058e+11  1.75343e+36  30404.8  9.81e+08  -2.34e+10  2.36371e+34  7062  1.635e+10  3.9e+11  4.72742e+34  117700
268  2.32573e+10  -2.4097e+11  1.75361e+36  28147  9.384e+08  -2.346e+10  2.36409e+34  6936  1.564e+10  3.91e+11  4.72819e+34  115600
269  2.15733e+10  -2.40893e+11  1.7538e+36  26152.9  8.982e+08  -2.346e+10  2.36447e+34  6816  1.497e+10  3.91e+11  4.72895e+34  113600
270  1.99058e+10  -2.40802e+11  1.75398e+36  24198.3  8.58e+08  -2.352e+10  2.36467e+34  6696  1.43e+10  3.92e+11  4.72934e+34  111600
271  1.83453e+10  -2.41141e+11  1.75413e+36  22245.2  8.202e+08  -2.358e+10  2.36505e+34  6576  1.367e+10  3.93e+11  4.73011e+34  109600
272  1.69463e+10  -2.40867e+11  1.75427e+36  20294.5  7.866e+08  -2.364e+10  2.36525e+34  6468  1.311e+10  3.94e+11  4.73049e+34  107800
273  1.56362e+10  -2.40603e+11  1.7544e+36  18363.4  7.548e+08  -2.364e+10  2.36544e+34  6360  1.258e+10  3.94e+11  4.73088e+34  106000
274  1.43367e+10  -2.4084e+11  1.75453e+36  16412.5  7.23e+08  -2.37e+10  2.36563e+34  6252  1.205e+10  3.95e+11  4.73126e+34  104200
275  1.30486e+10  -2.40562e+11  1.75465e+36  14413.8  6.918e+08  -2.376e+10  2.36602e+34  6144  1.153e+10  3.96e+11  4.73204e+34  102400
276  1.17734e+10  -2.40281e+11  1.75477e+36  12200.2  6.606e+08  -2.382e+10  2.36621e+34  6030  1.101e+10  3.97e+11  4.73242e+34  100500
277  1.05726e+10  -2.39918e+11  1.75487e+36  10120.1  6.318e+08  -2.382e+10  2.3664e+34  5922  1.053e+10  3.97e+11  4.7328e+34  98700
278  9.50738e+09  -2.39987e+11  1.75497e+36  8121.45  6.054e+08  -2.388e+10  2.3666e+34  5822.4  1.009e+10  3.98e+11  4.73319e+34  97040
279  8.49983e+09  -2.39541e+11  1.75505e+36  6112.27  5.8062e+08  -2.394e+10  2.36678e+34  5725.8  9.677e+09  3.99e+11  4.73357e+34  95430
280  7.50152e+09  -2.39584e+11  1.75514e+36  4015.65  5.5602e+08  -2.394e+10  2.36698e+34  4015.65  9.267e+09  3.99e+11  4.73396e+34  93800
281  6.51021e+09  -2.3911e+11  1.75523e+36  1811.37  5.3166e+08  -2.4e+10  2.36698e+34  1811.37  8.861e+09  4e+11  4.73396e+34  92130
282  5.53029e+09  -2.38628e+11  1.75531e+36  -512.306  5.0742e+08  -2.406e+10  2.36717e+34  -512.306  8.457e+09  4.01e+11  4.73434e+34  90430
283  4.61023e+09  -2.38568e+11  1.75538e+36  -2836.43  4.8456e+08  -2.406e+10  2.36736e+34  -2836.43  8.076e+09  4.01e+11  4.73473e+34  88770
284  3.78212e+09  -2.37961e+11  1.75544e+36  -5078.66  4.6404e+08  -2.412e+10  2.36756e+34  -5078.66  7.734e+09  4.02e+11  4.73511e+34  87250
285  3.01336e+09  -2.37822e+11  1.7555e+36  -7240.22  4.4478e+08  -2.418e+10  2.36756e+34  -5146.8  7.413e+09  4.03e+11  4.73511e+34  85780
286  2.24971e+09  -2.37179e+11  1.75556e+36  -9535.65  4.2564e+08  -2.418e+10  2.36775e+34  -5057.4  7.094e+09  4.03e+11  4.7355e+34  84290
287  1.49287e+09  -2.36997e+11  1.75562e+36  -11966.7  4.0656e+08  -2.424e+10  2.36794e+34  -4965.6  6.776e+09  4.04e+11  4.73588e+34  82760
288  7.81921e+08  -2.36273e+11  1.75567e+36  -14396.3  3.8856e+08  -2.424e+10  2.36794e+34  -4876.2  6.476e+09  4.04e+11  4.73588e+34  81270
289  1.52804e+08  -2.35994e+11  1.75571e+36  -16669.1  1.52804e+08  -2.43e+10  2.36813e+34  -4794.6  6.208e+09  4.05e+11  4.73627e+34  79910
290  -4.47012e+08  -2.35682e+11  1.75575e+36  -18970.8  -3.5724e+08  -2.436e+10  2.36813e+34  -4715.4  5.954e+09  4.06e+11  4.73627e+34  78590
291  -1.04144e+09  -2.34872e+11  1.75579e+36  -21403.2  -3.4218e+08  -2.436e+10  2.36833e+34  -4634.4  5.703e+09  4.06e+11  4.73665e+34  77240
292  -1.62907e+09  -2.34499e+11  1.75584e+36  -23989.7  -3.2712e+08  -2.442e+10  2.36833e+34  -4551.6  5.452e+09  4.07e+11  4.73665e+34  75860
293  -2.21342e+09  -2.33628e+11  1.75587e+36  -26733.6  -3.1218e+08  -2.442e+10  2.36852e+34  -4467.6  5.203e+09  4.07e+11  4.73704e+34  74460
294  -2.75285e+09  -2.33185e+11  1.75591e+36  -29507.5  -2.9808e+08  -2.448e+10  2.36852e+34  -4385.4  4.968e+09  4.08e+11  4.73704e+34  73090
295  -3.23571e+09  -2.32711e+11  1.75594e+36  -32109.6  -2.8542e+08  -2.448e+10  2.36852e+34  -4310.4  4.757e+09  4.08e+11  4.73704e+34  71840
296  -3.70003e+09  -2.31716e+11  1.75596e+36  -34732.9  -2.7354e+08  -2.454e+10  2.36871e+34  -4237.2  4.559e+09  4.09e+11  4.73742e+34  70620
297  -4.16e+09  -2.15616e+11  1.75596e+36  -37500  -2.6166e+08  -2.454e+10  2.36871e+34  -4162.8  4.361e+09  4.09e+11  4.73742e+34  69380
