C ********** MODELE DE JUPITER ADIABATIQUE **************** (c) CEPAM le  9/10/98   13:15:41
C Parametres du modele:
C   ncouche= 200   ordre splines= 1   precision= 1.000D-05
C   mplanet= 1.000D+00 omega= 1.000D+00 PPT=T
C   X= 0.68096561  DX=-0.05999204  Mcoeur= 0.00000000  frac_glaces= 0.50000000
C Resultats:
C Rayon moyen :  6.993830D+09
C              Req           J2            J4            J6            J8
C Calcule  7.153859D+09  1.467700D-02 -5.788008D-04  3.650421D-05  0.000000D+00
C Theoriqu 7.149200D+09  1.468200D-02 -5.800000D-04  3.040000D-05
C Cal/Th   1.000652D+00  9.996596D-01  9.979324D-01  1.200796D+00
C    M/Mtot         R/Rtot         logP           logT           logRho         logKappa     logGradc     logGrada     logGradr
         201
  1.0000000D+00  1.0000000D+00  6.0000000D+00  2.2304489D+00 -3.7861610D+00  3.3000000D+01 -4.94991D-01 -4.95011D-01  3.39207D+01
  9.9999998D-01  9.9994190D-01  6.0686046D+00  2.2523507D+00 -3.7395101D+00  3.3000000D+01 -4.97376D-01 -4.97394D-01  3.39017D+01
  9.9999995D-01  9.9988058D-01  6.1374604D+00  2.2741801D+00 -3.6925423D+00  3.3000000D+01 -5.00441D-01 -5.00457D-01  3.38833D+01
  9.9999992D-01  9.9981586D-01  6.2065669D+00  2.2959369D+00 -3.6452564D+00  3.3000000D+01 -5.03438D-01 -5.03452D-01  3.38653D+01
  9.9999988D-01  9.9974758D-01  6.2759247D+00  2.3176206D+00 -3.5976443D+00  3.3000000D+01 -5.06457D-01 -5.06469D-01  3.38480D+01
  9.9999984D-01  9.9967556D-01  6.3455233D+00  2.3392335D+00 -3.5496947D+00  3.3000000D+01 -5.09332D-01 -5.09343D-01  3.38311D+01
  9.9999979D-01  9.9959963D-01  6.4153608D+00  2.3607760D+00 -3.5013358D+00  3.3000000D+01 -5.12179D-01 -5.12188D-01  3.38148D+01
  9.9999973D-01  9.9951964D-01  6.4854140D+00  2.3822537D+00 -3.4524039D+00  3.3000000D+01 -5.14720D-01 -5.14728D-01  3.37989D+01
  9.9999966D-01  9.9943549D-01  6.5556710D+00  2.4036696D+00 -3.4024557D+00  3.3000000D+01 -5.17097D-01 -5.17104D-01  3.37835D+01
  9.9999957D-01  9.9934726D-01  6.6261025D+00  2.4250315D+00 -3.3505435D+00  3.3000000D+01 -5.19131D-01 -5.19138D-01  3.37685D+01
  9.9999947D-01  9.9925533D-01  6.6966868D+00  2.4463459D+00 -3.2947228D+00  3.3000000D+01 -5.20795D-01 -5.20801D-01  3.37538D+01
  9.9999936D-01  9.9916020D-01  6.7673878D+00  2.4676233D+00 -3.2422371D+00  3.3000000D+01 -5.22267D-01 -5.22272D-01  3.37394D+01
  9.9999922D-01  9.9906013D-01  6.8382025D+00  2.4888609D+00 -3.1928555D+00  3.3000000D+01 -5.23628D-01 -5.23633D-01  3.37253D+01
  9.9999906D-01  9.9895489D-01  6.9090995D+00  2.5100666D+00 -3.1433822D+00  3.3000000D+01 -5.24664D-01 -5.24669D-01  3.37114D+01
  9.9999887D-01  9.9884426D-01  6.9800621D+00  2.5312443D+00 -3.0938418D+00  3.3000000D+01 -5.25566D-01 -5.25570D-01  3.36976D+01
  9.9999864D-01  9.9872798D-01  7.0510697D+00  2.5523989D+00 -3.0442631D+00  3.3000000D+01 -5.26246D-01 -5.26249D-01  3.36840D+01
  9.9999838D-01  9.9860580D-01  7.1221158D+00  2.5735316D+00 -2.9946553D+00  3.3000000D+01 -5.26851D-01 -5.26853D-01  3.36705D+01
  9.9999807D-01  9.9847742D-01  7.1931839D+00  2.5946461D+00 -2.9450441D+00  3.3000000D+01 -5.27336D-01 -5.27338D-01  3.36571D+01
  9.9999770D-01  9.9834254D-01  7.2642689D+00  2.6157432D+00 -2.8954359D+00  3.3000000D+01 -5.27711D-01 -5.27714D-01  3.36438D+01
  9.9999727D-01  9.9820086D-01  7.3353567D+00  2.6368259D+00 -2.8458567D+00  3.3000000D+01 -5.28026D-01 -5.28028D-01  3.36306D+01
  9.9999677D-01  9.9805203D-01  7.4064431D+00  2.6578946D+00 -2.7963141D+00  3.3000000D+01 -5.28295D-01 -5.28297D-01  3.36174D+01
  9.9999617D-01  9.9789567D-01  7.4775292D+00  2.6789483D+00 -2.7468093D+00  3.3000000D+01 -5.28578D-01 -5.28579D-01  3.36043D+01
  9.9999547D-01  9.9773141D-01  7.5486113D+00  2.6999872D+00 -2.6973562D+00  3.3000000D+01 -5.28905D-01 -5.28907D-01  3.35912D+01
  9.9999464D-01  9.9755882D-01  7.6196913D+00  2.7210099D+00 -2.6479527D+00  3.3000000D+01 -5.29143D-01 -5.29144D-01  3.35782D+01
  9.9999367D-01  9.9737748D-01  7.6907632D+00  2.7420172D+00 -2.5986187D+00  3.3000000D+01 -5.29523D-01 -5.29524D-01  3.35652D+01
  9.9999252D-01  9.9718690D-01  7.7618307D+00  2.7630070D+00 -2.5493509D+00  3.3000000D+01 -5.29835D-01 -5.29836D-01  3.35523D+01
  9.9999118D-01  9.9698657D-01  7.8329034D+00  2.7839757D+00 -2.5001428D+00  3.3000000D+01 -5.30402D-01 -5.30403D-01  3.35395D+01
  9.9998959D-01  9.9677596D-01  7.9039817D+00  2.8049222D+00 -2.4510091D+00  3.3000000D+01 -5.30929D-01 -5.30930D-01  3.35268D+01
  9.9998773D-01  9.9655445D-01  7.9750809D+00  2.8258411D+00 -2.4019322D+00  3.3000000D+01 -5.31655D-01 -5.31656D-01  3.35142D+01
  9.9998553D-01  9.9632146D-01  8.0461951D+00  2.8467328D+00 -2.3529400D+00  3.3000000D+01 -5.32448D-01 -5.32449D-01  3.35018D+01
  9.9998294D-01  9.9607627D-01  8.1173496D+00  2.8675891D+00 -2.3040006D+00  3.3000000D+01 -5.33467D-01 -5.33467D-01  3.34895D+01
  9.9997990D-01  9.9581817D-01  8.1885431D+00  2.8884089D+00 -2.2551311D+00  3.3000000D+01 -5.34639D-01 -5.34640D-01  3.34774D+01
  9.9997631D-01  9.9554632D-01  8.2598037D+00  2.9091829D+00 -2.2063160D+00  3.3000000D+01 -5.36015D-01 -5.36015D-01  3.34656D+01
  9.9997208D-01  9.9525993D-01  8.3311286D+00  2.9299103D+00 -2.1575629D+00  3.3000000D+01 -5.37630D-01 -5.37630D-01  3.34540D+01
  9.9996710D-01  9.9495796D-01  8.4025574D+00  2.9505784D+00 -2.1088531D+00  3.3000000D+01 -5.39512D-01 -5.39513D-01  3.34428D+01
  9.9996123D-01  9.9463950D-01  8.4740875D+00  2.9711859D+00 -2.0601909D+00  3.3000000D+01 -5.41677D-01 -5.41677D-01  3.34319D+01
  9.9995430D-01  9.9430332D-01  8.5457589D+00  2.9917196D+00 -2.0115594D+00  3.3000000D+01 -5.44069D-01 -5.44070D-01  3.34214D+01
  9.9994612D-01  9.9394834D-01  8.6175682D+00  3.0121780D+00 -1.9629907D+00  3.3000000D+01 -5.46793D-01 -5.46793D-01  3.34114D+01
  9.9993645D-01  9.9357313D-01  8.6895553D+00  3.0325475D+00 -1.9144429D+00  3.3000000D+01 -5.49776D-01 -5.49776D-01  3.34019D+01
  9.9992504D-01  9.9317635D-01  8.7617234D+00  3.0528242D+00 -1.8659571D+00  3.3000000D+01 -5.53126D-01 -5.53126D-01  3.33930D+01
  9.9991154D-01  9.9275634D-01  8.8341067D+00  3.0729953D+00 -1.8174987D+00  3.3000000D+01 -5.56696D-01 -5.56696D-01  3.33847D+01
  9.9989556D-01  9.9231150D-01  8.9067033D+00  3.0930578D+00 -1.7691183D+00  3.3000000D+01 -5.60534D-01 -5.60534D-01  3.33770D+01
  9.9987666D-01  9.9183990D-01  8.9795395D+00  3.1130002D+00 -1.7208213D+00  3.3000000D+01 -5.64594D-01 -5.64594D-01  3.33701D+01
  9.9985426D-01  9.9133963D-01  9.0526098D+00  3.1328194D+00 -1.6726230D+00  3.3000000D+01 -5.68948D-01 -5.68948D-01  3.33639D+01
  9.9982772D-01  9.9080830D-01  9.1259441D+00  3.1525019D+00 -1.6245595D+00  3.3000000D+01 -5.73484D-01 -5.73484D-01  3.33585D+01
  9.9979624D-01  9.9024359D-01  9.1995335D+00  3.1720445D+00 -1.5766665D+00  3.3000000D+01 -5.78345D-01 -5.78345D-01  3.33540D+01
  9.9975890D-01  9.8964267D-01  9.2733952D+00  3.1914357D+00 -1.5289614D+00  3.3000000D+01 -5.83306D-01 -5.83306D-01  3.33503D+01
  9.9971458D-01  9.8900266D-01  9.3475199D+00  3.2106707D+00 -1.4815151D+00  3.3000000D+01 -5.88501D-01 -5.88501D-01  3.33475D+01
  9.9966195D-01  9.8832024D-01  9.4219056D+00  3.2297418D+00 -1.4343491D+00  3.3000000D+01 -5.93834D-01 -5.93834D-01  3.33456D+01
  9.9959944D-01  9.8759181D-01  9.4965455D+00  3.2486415D+00 -1.3875201D+00  3.3000000D+01 -5.99303D-01 -5.99303D-01  3.33447D+01
  9.9952518D-01  9.8681330D-01  9.5714363D+00  3.2673599D+00 -1.3410668D+00  3.3000000D+01 -6.04997D-01 -6.04997D-01  3.33447D+01
  9.9943694D-01  9.8598037D-01  9.6465524D+00  3.2858924D+00 -1.2950645D+00  3.3000000D+01 -6.10728D-01 -6.10728D-01  3.33457D+01
  9.9933208D-01  9.8508802D-01  9.7218855D+00  3.3042275D+00 -1.2495501D+00  3.3000000D+01 -6.16654D-01 -6.16654D-01  3.33478D+01
  9.9920751D-01  9.8413101D-01  9.7974012D+00  3.3223599D+00 -1.2045659D+00  3.3000000D+01 -6.22530D-01 -6.22530D-01  3.33508D+01
  9.9905957D-01  9.8310346D-01  9.8730683D+00  3.3402810D+00 -1.1601894D+00  3.3000000D+01 -6.28533D-01 -6.28533D-01  3.33549D+01
  9.9888394D-01  9.8199895D-01  9.9488489D+00  3.3579825D+00 -1.1164627D+00  3.3000000D+01 -6.34507D-01 -6.34507D-01  3.33599D+01
  9.9867560D-01  9.8081047D-01  1.0024702D+01  3.3754543D+00 -1.0734188D+00  3.3000000D+01 -6.40980D-01 -6.40980D-01  3.33660D+01
  9.9842852D-01  9.7952979D-01  1.0100616D+01  3.3926753D+00 -1.0310685D+00  3.3000000D+01 -6.47472D-01 -6.47472D-01  3.33731D+01
  9.9813575D-01  9.7814835D-01  1.0176551D+01  3.4096294D+00 -9.8943656D-01  3.3000000D+01 -6.55281D-01 -6.55281D-01  3.33814D+01
  9.9778884D-01  9.7665550D-01  1.0252531D+01  3.4262782D+00 -9.4850702D-01  3.3000000D+01 -6.63077D-01 -6.63077D-01  3.33909D+01
  9.9737869D-01  9.7504271D-01  1.0328423D+01  3.4426274D+00 -9.0835123D-01  3.3000000D+01 -6.70369D-01 -6.70369D-01  3.34016D+01
  9.9689482D-01  9.7330044D-01  1.0404123D+01  3.4586711D+00 -8.6901910D-01  3.3000000D+01 -6.76926D-01 -6.76926D-01  3.34133D+01
  9.9632585D-01  9.7142019D-01  1.0479472D+01  3.4744195D+00 -8.3058001D-01  3.3000000D+01 -6.82246D-01 -6.82246D-01  3.34259D+01
  9.9565947D-01  9.6939417D-01  1.0554288D+01  3.4898883D+00 -7.9309963D-01  3.3000000D+01 -6.87502D-01 -6.87502D-01  3.34391D+01
  9.9488054D-01  9.6720996D-01  1.0628560D+01  3.5050352D+00 -7.5656229D-01  3.3000000D+01 -6.93694D-01 -6.93694D-01  3.34532D+01
  9.9397253D-01  9.6485571D-01  1.0702233D+01  3.5198292D+00 -7.2096143D-01  3.3000000D+01 -7.01149D-01 -7.01150D-01  3.34681D+01
  9.9291590D-01  9.6231623D-01  1.0775332D+01  3.5342076D+00 -6.8625680D-01  3.3000000D+01 -7.11566D-01 -7.11566D-01  3.34841D+01
  9.9168935D-01  9.5957702D-01  1.0847827D+01  3.5481202D+00 -6.5243895D-01  3.3000000D+01 -7.21270D-01 -7.21270D-01  3.35015D+01
  9.9027486D-01  9.5663403D-01  1.0919430D+01  3.5616110D+00 -6.1958231D-01  3.3000000D+01 -7.28223D-01 -7.28223D-01  3.35198D+01
  9.8865415D-01  9.5348382D-01  1.0989910D+01  3.5747088D+00 -5.8776886D-01  3.3000000D+01 -7.32298D-01 -7.32298D-01  3.35386D+01
  9.8681136D-01  9.5012800D-01  1.1059000D+01  3.5874654D+00 -5.5703581D-01  3.3000000D+01 -7.35147D-01 -7.35147D-01  3.35574D+01
  9.8473037D-01  9.4656686D-01  1.1126542D+01  3.5999008D+00 -5.2739294D-01  3.3000000D+01 -7.34840D-01 -7.34840D-01  3.35761D+01
  9.8239478D-01  9.4280018D-01  1.1192452D+01  3.6120143D+00 -4.9880944D-01  3.3000000D+01 -7.36040D-01 -7.36040D-01  3.35946D+01
  9.7979080D-01  9.3883091D-01  1.1256634D+01  3.6238173D+00 -4.7125342D-01  3.3000000D+01 -7.34750D-01 -7.34750D-01  3.36128D+01
  9.7690693D-01  9.3466444D-01  1.1319010D+01  3.6353250D+00 -4.4472219D-01  3.3000000D+01 -7.32862D-01 -7.32862D-01  3.36304D+01
  9.7373466D-01  9.3030830D-01  1.1379515D+01  3.6465569D+00 -4.1920065D-01  3.3000000D+01 -7.29531D-01 -7.29531D-01  3.36474D+01
  9.7026759D-01  9.2577062D-01  1.1438116D+01  3.6575280D+00 -3.9469385D-01  3.3000000D+01 -7.25402D-01 -7.25402D-01  3.36636D+01
  9.6650220D-01  9.2106095D-01  1.1494795D+01  3.6682558D+00 -3.7111542D-01  3.3000000D+01 -7.20241D-01 -7.20241D-01  3.36791D+01
  9.6243663D-01  9.1618915D-01  1.1549565D+01  3.6787526D+00 -3.4843265D-01  3.3000000D+01 -7.15383D-01 -7.15383D-01  3.36937D+01
  9.5806287D-01  9.1115621D-01  1.1602549D+01  3.6889752D+00 -3.2649254D-01  3.3000000D+01 -7.13481D-01 -7.13481D-01  3.37078D+01
  9.5337895D-01  9.0597003D-01  1.1653803D+01  3.6989204D+00 -3.0523585D-01  3.3000000D+01 -7.10442D-01 -7.10442D-01  3.37214D+01
  9.4839294D-01  9.0064750D-01  1.1703307D+01  3.7086360D+00 -2.8464190D-01  3.3000000D+01 -7.03670D-01 -7.03670D-01  3.37343D+01
  9.4311278D-01  8.9520365D-01  1.1751079D+01  3.7181548D+00 -2.6464425D-01  3.3000000D+01 -6.97844D-01 -6.97844D-01  3.37464D+01
  9.3753941D-01  8.8964461D-01  1.1797226D+01  3.7274610D+00 -2.4521174D-01  3.3000000D+01 -6.92050D-01 -6.92050D-01  3.37579D+01
  9.3168394D-01  8.8398542D-01  1.1841771D+01  3.7365903D+00 -2.2630085D-01  3.3000000D+01 -6.84496D-01 -6.84496D-01  3.37687D+01
  9.2555570D-01  8.7823801D-01  1.1884771D+01  3.7455617D+00 -2.0789753D-01  3.3000000D+01 -6.76629D-01 -6.76629D-01  3.37786D+01
  9.1916240D-01  8.7241123D-01  1.1926302D+01  3.7543813D+00 -1.8998462D-01  3.3000000D+01 -6.69826D-01 -6.69826D-01  3.37879D+01
  9.1250682D-01  8.6650880D-01  1.1966465D+01  3.7630306D+00 -1.7250587D-01  3.3000000D+01 -6.63881D-01 -6.63881D-01  3.37966D+01
  9.0559635D-01  8.6053798D-01  1.2005331D+01  3.7715130D+00 -1.5544682D-01  3.3000000D+01 -6.58249D-01 -6.58249D-01  3.38049D+01
  8.9843887D-01  8.5450564D-01  1.2042963D+01  3.7798332D+00 -1.3878645D-01  3.3000000D+01 -6.52187D-01 -6.52187D-01  3.38127D+01
  8.9104577D-01  8.4842095D-01  1.2079408D+01  3.7880103D+00 -1.2250086D-01  3.3000000D+01 -6.45871D-01 -6.45871D-01  3.38200D+01
  8.8342559D-01  8.4229011D-01  1.2114725D+01  3.7960496D+00 -1.0656900D-01  3.3000000D+01 -6.39616D-01 -6.39616D-01  3.38269D+01
  8.7558723D-01  8.3611907D-01  1.2148969D+01  3.8039579D+00 -9.0974294D-02  3.3000000D+01 -6.32759D-01 -6.32759D-01  3.38334D+01
  8.6754453D-01  8.2991697D-01  1.2182173D+01  3.8117610D+00 -7.5724463D-02  3.3000000D+01 -6.25077D-01 -6.25077D-01  3.38394D+01
  8.5930680D-01  8.2368874D-01  1.2214387D+01  3.8194653D+00 -6.0808048D-02  3.3000000D+01 -6.17548D-01 -6.17548D-01  3.38449D+01
  8.5143410D-01  8.1784414D-01  1.2243663D+01  3.8265841D+00 -4.7150180D-02  3.3000000D+01 -6.10673D-01 -6.10673D-01  3.38497D+01
  8.5143334D-01  8.1784361D-01  1.2243666D+01  3.8265848D+00 -2.5829547D-02  3.3000000D+01 -6.11979D-01 -6.11979D-01  3.38497D+01
  8.4766619D-01  8.1521452D-01  1.2257193D+01  3.8299018D+00 -1.9473096D-02  3.3000000D+01 -6.08934D-01 -6.08934D-01  3.38519D+01
  8.3885381D-01  8.0914511D-01  1.2287701D+01  3.8374728D+00 -5.0561266D-03  3.3000000D+01 -6.01575D-01 -6.01575D-01  3.38566D+01
  8.2986257D-01  8.0306186D-01  1.2317330D+01  3.8449512D+00  9.0373896D-03  3.3000000D+01 -5.94116D-01 -5.94116D-01  3.38610D+01
  8.2070161D-01  7.9696765D-01  1.2346120D+01  3.8523419D+00  2.2788888D-02  3.3000000D+01 -5.87162D-01 -5.87162D-01  3.38651D+01
  8.1137707D-01  7.9086293D-01  1.2374118D+01  3.8596387D+00  3.6206461D-02  3.3000000D+01 -5.81008D-01 -5.81008D-01  3.38689D+01
  8.0189508D-01  7.8474800D-01  1.2401368D+01  3.8668364D+00  4.9298020D-02  3.3000000D+01 -5.75437D-01 -5.75437D-01  3.38724D+01
  7.9226207D-01  7.7862314D-01  1.2427906D+01  3.8739310D+00  6.2069335D-02  3.3000000D+01 -5.70635D-01 -5.70635D-01  3.38758D+01
  7.8248345D-01  7.7248790D-01  1.2453772D+01  3.8809162D+00  7.4530948D-02  3.3000000D+01 -5.66594D-01 -5.66594D-01  3.38792D+01
  7.7256591D-01  7.6634254D-01  1.2478997D+01  3.8877902D+00  8.6702070D-02  3.3000000D+01 -5.62662D-01 -5.62662D-01  3.38824D+01
  7.6251740D-01  7.6018821D-01  1.2503607D+01  3.8945563D+00  9.8601462D-02  3.3000000D+01 -5.58856D-01 -5.58856D-01  3.38857D+01
  7.5234600D-01  7.5402613D-01  1.2527626D+01  3.9012189D+00  1.1023898D-01  3.3000000D+01 -5.54988D-01 -5.54988D-01  3.38889D+01
  7.4205934D-01  7.4785718D-01  1.2551077D+01  3.9077810D+00  1.2162484D-01  3.3000000D+01 -5.51313D-01 -5.51313D-01  3.38920D+01
  7.3166430D-01  7.4168176D-01  1.2573986D+01  3.9142438D+00  1.3276992D-01  3.3000000D+01 -5.47874D-01 -5.47874D-01  3.38952D+01
  7.2116747D-01  7.3550011D-01  1.2596373D+01  3.9206080D+00  1.4368364D-01  3.3000000D+01 -5.44584D-01 -5.44584D-01  3.38984D+01
  7.1057825D-01  7.2931414D-01  1.2618255D+01  3.9268837D+00  1.5438526D-01  3.3000000D+01 -5.40245D-01 -5.40245D-01  3.39016D+01
  6.9990576D-01  7.2312577D-01  1.2639647D+01  3.9330808D+00  1.6488755D-01  3.3000000D+01 -5.35835D-01 -5.35835D-01  3.39048D+01
  6.8915698D-01  7.1693565D-01  1.2660566D+01  3.9392029D+00  1.7519378D-01  3.3000000D+01 -5.31474D-01 -5.31474D-01  3.39080D+01
  6.7833831D-01  7.1074404D-01  1.2681031D+01  3.9452518D+00  1.8530776D-01  3.3000000D+01 -5.27240D-01 -5.27240D-01  3.39111D+01
  6.6745572D-01  7.0455093D-01  1.2701060D+01  3.9512285D+00  1.9523185D-01  3.3000000D+01 -5.23203D-01 -5.23203D-01  3.39142D+01
  6.5651485D-01  6.9835603D-01  1.2720670D+01  3.9571330D+00  2.0496718D-01  3.3000000D+01 -5.19424D-01 -5.19424D-01  3.39174D+01
  6.4552096D-01  6.9215879D-01  1.2739877D+01  3.9629646D+00  2.1451228D-01  3.3000000D+01 -5.16532D-01 -5.16532D-01  3.39206D+01
  6.3447570D-01  6.8595649D-01  1.2758702D+01  3.9687112D+00  2.2386614D-01  3.3000000D+01 -5.14175D-01 -5.14175D-01  3.39240D+01
  6.2338498D-01  6.7974876D-01  1.2777158D+01  3.9743743D+00  2.3303357D-01  3.3000000D+01 -5.12065D-01 -5.12065D-01  3.39274D+01
  6.1225411D-01  6.7353489D-01  1.2795259D+01  3.9799538D+00  2.4201889D-01  3.3000000D+01 -5.10193D-01 -5.10193D-01  3.39310D+01
  6.0108835D-01  6.6731415D-01  1.2813016D+01  3.9854496D+00  2.5082629D-01  3.3000000D+01 -5.08551D-01 -5.08551D-01  3.39348D+01
  5.8989293D-01  6.6108577D-01  1.2830442D+01  3.9908617D+00  2.5945986D-01  3.3000000D+01 -5.07129D-01 -5.07129D-01  3.39387D+01
  5.7867302D-01  6.5484893D-01  1.2847546D+01  3.9961903D+00  2.6792355D-01  3.3000000D+01 -5.05919D-01 -5.05919D-01  3.39429D+01
  5.6743377D-01  6.4860281D-01  1.2864341D+01  4.0014355D+00  2.7622125D-01  3.3000000D+01 -5.05227D-01 -5.05227D-01  3.39472D+01
  5.5617743D-01  6.4234498D-01  1.2880838D+01  4.0065889D+00  2.8436084D-01  3.3000000D+01 -5.05448D-01 -5.05448D-01  3.39518D+01
  5.4490875D-01  6.3607441D-01  1.2897049D+01  4.0116497D+00  2.9234974D-01  3.3000000D+01 -5.05717D-01 -5.05717D-01  3.39566D+01
  5.3363326D-01  6.2979058D-01  1.2912980D+01  4.0166201D+00  3.0019428D-01  3.3000000D+01 -5.06026D-01 -5.06026D-01  3.39618D+01
  5.2235640D-01  6.2349294D-01  1.2928641D+01  4.0215022D+00  3.0790040D-01  3.3000000D+01 -5.06365D-01 -5.06365D-01  3.39672D+01
  5.1108357D-01  6.1718095D-01  1.2944037D+01  4.0262981D+00  3.1547369D-01  3.3000000D+01 -5.06728D-01 -5.06728D-01  3.39729D+01
  4.9982006D-01  6.1085404D-01  1.2959176D+01  4.0310099D+00  3.2291941D-01  3.3000000D+01 -5.07109D-01 -5.07109D-01  3.39788D+01
  4.8857110D-01  6.0451163D-01  1.2974065D+01  4.0356396D+00  3.3024251D-01  3.3000000D+01 -5.07500D-01 -5.07500D-01  3.39851D+01
  4.7734196D-01  5.9815323D-01  1.2988709D+01  4.0401898D+00  3.3744829D-01  3.3000000D+01 -5.07735D-01 -5.07735D-01  3.39916D+01
  4.6613436D-01  5.9177636D-01  1.3003121D+01  4.0446520D+00  3.4455300D-01  3.3000000D+01 -5.10515D-01 -5.10515D-01  3.39985D+01
  4.5495023D-01  5.8537883D-01  1.3017308D+01  4.0490186D+00  3.5156796D-01  3.3000000D+01 -5.12951D-01 -5.12951D-01  3.40058D+01
  4.4379554D-01  5.7896076D-01  1.3031276D+01  4.0532951D+00  3.5849504D-01  3.3000000D+01 -5.15077D-01 -5.15077D-01  3.40134D+01
  4.3267603D-01  5.7252214D-01  1.3045029D+01  4.0574865D+00  3.6533592D-01  3.3000000D+01 -5.16923D-01 -5.16923D-01  3.40214D+01
  4.2159726D-01  5.6606285D-01  1.3058570D+01  4.0615972D+00  3.7209205D-01  3.3000000D+01 -5.18514D-01 -5.18514D-01  3.40298D+01
  4.1056458D-01  5.5958268D-01  1.3071905D+01  4.0656313D+00  3.7876474D-01  3.3000000D+01 -5.19875D-01 -5.19875D-01  3.40385D+01
  3.9958322D-01  5.5308130D-01  1.3085036D+01  4.0695925D+00  3.8535513D-01  3.3000000D+01 -5.21028D-01 -5.21028D-01  3.40476D+01
  3.8865822D-01  5.4655829D-01  1.3097968D+01  4.0734842D+00  3.9186419D-01  3.3000000D+01 -5.21992D-01 -5.21992D-01  3.40570D+01
  3.7779499D-01  5.4001343D-01  1.3110704D+01  4.0773111D+00  3.9829270D-01  3.3000000D+01 -5.22302D-01 -5.22302D-01  3.40667D+01
  3.6699918D-01  5.3344664D-01  1.3123248D+01  4.0810788D+00  4.0464140D-01  3.3000000D+01 -5.22814D-01 -5.22814D-01  3.40768D+01
  3.5627280D-01  5.2685563D-01  1.3135606D+01  4.0847808D+00  4.1091661D-01  3.3000000D+01 -5.24152D-01 -5.24152D-01  3.40872D+01
  3.4562006D-01  5.2023945D-01  1.3147783D+01  4.0884182D+00  4.1711974D-01  3.3000000D+01 -5.25234D-01 -5.25234D-01  3.40980D+01
  3.3504581D-01  5.1359749D-01  1.3159780D+01  4.0919942D+00  4.2325015D-01  3.3000000D+01 -5.26091D-01 -5.26091D-01  3.41092D+01
  3.2455478D-01  5.0692901D-01  1.3171602D+01  4.0955118D+00  4.2930717D-01  3.3000000D+01 -5.26754D-01 -5.26754D-01  3.41208D+01
  3.1415156D-01  5.0023317D-01  1.3183251D+01  4.0989733D+00  4.3529013D-01  3.3000000D+01 -5.27245D-01 -5.27245D-01  3.41327D+01
  3.0384067D-01  4.9350899D-01  1.3194730D+01  4.1023812D+00  4.4119833D-01  3.3000000D+01 -5.27590D-01 -5.27590D-01  3.41451D+01
  2.9362654D-01  4.8675540D-01  1.3206042D+01  4.1057373D+00  4.4703105D-01  3.3000000D+01 -5.27808D-01 -5.27808D-01  3.41578D+01
  2.8351351D-01  4.7997121D-01  1.3217190D+01  4.1090434D+00  4.5278755D-01  3.3000000D+01 -5.27918D-01 -5.27918D-01  3.41710D+01
  2.7350593D-01  4.7315514D-01  1.3228176D+01  4.1123011D+00  4.5846595D-01  3.3000000D+01 -5.27882D-01 -5.27882D-01  3.41845D+01
  2.6360819D-01  4.6630583D-01  1.3239003D+01  4.1155124D+00  4.6406298D-01  3.3000000D+01 -5.27733D-01 -5.27733D-01  3.41985D+01
  2.5382454D-01  4.5942176D-01  1.3249672D+01  4.1186784D+00  4.6957844D-01  3.3000000D+01 -5.27503D-01 -5.27503D-01  3.42129D+01
  2.4415944D-01  4.5250145D-01  1.3260187D+01  4.1218012D+00  4.7501110D-01  3.3000000D+01 -5.26260D-01 -5.26260D-01  3.42278D+01
  2.3461954D-01  4.4554491D-01  1.3270545D+01  4.1248914D+00  4.8035494D-01  3.3000000D+01 -5.24413D-01 -5.24413D-01  3.42431D+01
  2.2520858D-01  4.3854998D-01  1.3280751D+01  4.1279483D+00  4.8561058D-01  3.3000000D+01 -5.22689D-01 -5.22689D-01  3.42589D+01
  2.1593033D-01  4.3151445D-01  1.3290805D+01  4.1309716D+00  4.9077915D-01  3.3000000D+01 -5.21084D-01 -5.21084D-01  3.42751D+01
  2.0678860D-01  4.2443597D-01  1.3300711D+01  4.1339609D+00  4.9586172D-01  3.3000000D+01 -5.19592D-01 -5.19592D-01  3.42919D+01
  1.9778719D-01  4.1731214D-01  1.3310470D+01  4.1369156D+00  5.0085932D-01  3.3000000D+01 -5.18210D-01 -5.18210D-01  3.43091D+01
  1.8892997D-01  4.1014043D-01  1.3320084D+01  4.1398354D+00  5.0577292D-01  3.3000000D+01 -5.16934D-01 -5.16934D-01  3.43270D+01
  1.8022079D-01  4.0291818D-01  1.3329555D+01  4.1427198D+00  5.1060344D-01  3.3000000D+01 -5.15761D-01 -5.15761D-01  3.43454D+01
  1.7166358D-01  3.9564264D-01  1.3338884D+01  4.1455684D+00  5.1535175D-01  3.3000000D+01 -5.14686D-01 -5.14686D-01  3.43645D+01
  1.6326225D-01  3.8831089D-01  1.3348073D+01  4.1483809D+00  5.2001803D-01  3.3000000D+01 -5.13703D-01 -5.13703D-01  3.43842D+01
  1.5502084D-01  3.8091989D-01  1.3357124D+01  4.1511570D+00  5.2460242D-01  3.3000000D+01 -5.12774D-01 -5.12774D-01  3.44046D+01
  1.4694340D-01  3.7346647D-01  1.3366036D+01  4.1538964D+00  5.2910616D-01  3.3000000D+01 -5.11896D-01 -5.11896D-01  3.44258D+01
  1.3903402D-01  3.6594725D-01  1.3374811D+01  4.1565990D+00  5.3353045D-01  3.3000000D+01 -5.11068D-01 -5.11068D-01  3.44478D+01
  1.3129682D-01  3.5835870D-01  1.3383450D+01  4.1592645D+00  5.3787634D-01  3.3000000D+01 -5.10287D-01 -5.10287D-01  3.44707D+01
  1.2373618D-01  3.5069728D-01  1.3391953D+01  4.1618939D+00  5.4214413D-01  3.3000000D+01 -5.08930D-01 -5.08930D-01  3.44944D+01
  1.1635694D-01  3.4295973D-01  1.3400320D+01  4.1644903D+00  5.4633296D-01  3.3000000D+01 -5.07453D-01 -5.07453D-01  3.45191D+01
  1.0916316D-01  3.3514168D-01  1.3408551D+01  4.1670529D+00  5.5044405D-01  3.3000000D+01 -5.06104D-01 -5.06104D-01  3.45448D+01
  1.0215894D-01  3.2723851D-01  1.3416646D+01  4.1695807D+00  5.5447855D-01  3.3000000D+01 -5.04876D-01 -5.04876D-01  3.45716D+01
  9.5348436D-02  3.1924527D-01  1.3424605D+01  4.1720729D+00  5.5843743D-01  3.3000000D+01 -5.03765D-01 -5.03765D-01  3.45995D+01
  8.8735845D-02  3.1115670D-01  1.3432429D+01  4.1745285D+00  5.6232146D-01  3.3000000D+01 -5.02764D-01 -5.02764D-01  3.46287D+01
  8.2325433D-02  3.0296714D-01  1.3440116D+01  4.1769465D+00  5.6613125D-01  3.3000000D+01 -5.01870D-01 -5.01870D-01  3.46593D+01
  7.6121517D-02  2.9467052D-01  1.3447666D+01  4.1793261D+00  5.6986720D-01  3.3000000D+01 -5.01077D-01 -5.01077D-01  3.46914D+01
  7.0128473D-02  2.8626027D-01  1.3455079D+01  4.1816662D+00  5.7352954D-01  3.3000000D+01 -5.00379D-01 -5.00379D-01  3.47250D+01
  6.4350728D-02  2.7772931D-01  1.3462351D+01  4.1839657D+00  5.7711827D-01  3.3000000D+01 -4.99769D-01 -4.99769D-01  3.47605D+01
  5.8792772D-02  2.6906995D-01  1.3469483D+01  4.1862235D+00  5.8063357D-01  3.3000000D+01 -4.99235D-01 -4.99235D-01  3.47978D+01
  5.3459138D-02  2.6027381D-01  1.3476472D+01  4.1884386D+00  5.8407505D-01  3.3000000D+01 -4.98773D-01 -4.98773D-01  3.48372D+01
  4.8354405D-02  2.5133174D-01  1.3483315D+01  4.1906097D+00  5.8744199D-01  3.3000000D+01 -4.98379D-01 -4.98379D-01  3.48790D+01
  4.3483188D-02  2.4223365D-01  1.3490009D+01  4.1927354D+00  5.9073335D-01  3.3000000D+01 -4.98049D-01 -4.98049D-01  3.49233D+01
  3.8850126D-02  2.3296846D-01  1.3496551D+01  4.1948141D+00  5.9394780D-01  3.3000000D+01 -4.97779D-01 -4.97779D-01  3.49704D+01
  3.4459872D-02  2.2352386D-01  1.3502936D+01  4.1968443D+00  5.9708364D-01  3.3000000D+01 -4.97564D-01 -4.97564D-01  3.50208D+01
  3.0317071D-02  2.1388615D-01  1.3509161D+01  4.1988241D+00  6.0013879D-01  3.3000000D+01 -4.97401D-01 -4.97401D-01  3.50747D+01
  2.6426336D-02  2.0404001D-01  1.3515218D+01  4.2007513D+00  6.0311070D-01  3.3000000D+01 -4.97334D-01 -4.97334D-01  3.51327D+01
  2.2792172D-02  1.9396807D-01  1.3521102D+01  4.2026233D+00  6.0599637D-01  3.3000000D+01 -4.97347D-01 -4.97347D-01  3.51953D+01
  1.9419029D-02  1.8365084D-01  1.3526803D+01  4.2044373D+00  6.0879204D-01  3.3000000D+01 -4.97347D-01 -4.97347D-01  3.52633D+01
  1.6311172D-02  1.7306606D-01  1.3532314D+01  4.2061906D+00  6.1149323D-01  3.3000000D+01 -4.97337D-01 -4.97337D-01  3.53376D+01
  1.3472588D-02  1.6218816D-01  1.3537622D+01  4.2078795D+00  6.1409464D-01  3.3000000D+01 -4.97320D-01 -4.97320D-01  3.54192D+01
  1.0906861D-02  1.5098746D-01  1.3542714D+01  4.2095000D+00  6.1658992D-01  3.3000000D+01 -4.97296D-01 -4.97296D-01  3.55095D+01
  8.6170058D-03  1.3942919D-01  1.3547576D+01  4.2110469D+00  6.1897145D-01  3.3000000D+01 -4.97267D-01 -4.97267D-01  3.56106D+01
  6.6052328D-03  1.2747214D-01  1.3552187D+01  4.2125143D+00  6.2123003D-01  3.3000000D+01 -4.97235D-01 -4.97235D-01  3.57248D+01
  4.8726044D-03  1.1506679D-01  1.3556525D+01  4.2138949D+00  6.2335443D-01  3.3000000D+01 -4.97201D-01 -4.97201D-01  3.58557D+01
  3.4185449D-03  1.0215258D-01  1.3560561D+01  4.2151795D+00  6.2533081D-01  3.3000000D+01 -4.97167D-01 -4.97167D-01  3.60085D+01
  2.2401089D-03  8.8653717D-02  1.3564259D+01  4.2163568D+00  6.2714183D-01  3.3000000D+01 -4.97134D-01 -4.97134D-01  3.61911D+01
  1.3308685D-03  7.4472198D-02  1.3567576D+01  4.2174125D+00  6.2876550D-01  3.3000000D+01 -4.97102D-01 -4.97102D-01  3.64163D+01
  6.7916924D-04  5.9473886D-02  1.3570451D+01  4.2183279D+00  6.3017327D-01  3.3000000D+01 -4.97074D-01 -4.97074D-01  3.67077D+01
  2.6529521D-04  4.3452176D-02  1.3572808D+01  4.2190784D+00  6.3132728D-01  3.3000000D+01 -4.97051D-01 -4.97051D-01  3.71153D+01
  5.6673168D-05  2.5965067D-02  1.3574542D+01  4.2196304D+00  6.3217587D-01  3.3000000D+01 -4.97033D-01 -4.97033D-01  3.77852D+01
  0.0000000D+00  0.0000000D+00  1.3575504D+01  4.2199367D+00  6.3264683D-01  3.3000000D+01 -4.97023D-01 -4.97023D-01  3.35383D+01
C    M [g]          R [cm]       P [dyn/cm2]      T [K]          Rho [cgs]    Vson [cm/s]    Gradc []     Grada []     Gradr []
         201
  1.8986112D+30  6.9938302D+09  1.0000000D+06  1.7000000D+02  1.6362097D-04  9.4845284D+04  3.19896D-01  3.19882D-01  8.33156D+33
  1.8986112D+30  6.9934238D+09  1.1711287D+06  1.7879308D+02  1.8217549D-04  9.7154964D+04  3.18144D-01  3.18131D-01  7.97488D+33
  1.8986111D+30  6.9929949D+09  1.3723358D+06  1.8800963D+02  2.0298209D-04  9.9478345D+04  3.15907D-01  3.15896D-01  7.64297D+33
  1.8986110D+30  6.9925423D+09  1.6090402D+06  1.9766823D+02  2.2633076D-04  1.0185646D+05  3.13734D-01  3.13724D-01  7.33401D+33
  1.8986110D+30  6.9920648D+09  1.8876640D+06  2.0778805D+02  2.5255487D-04  1.0428244D+05  3.11561D-01  3.11552D-01  7.04636D+33
  1.8986109D+30  6.9915611D+09  2.2157631D+06  2.1839040D+02  2.8203650D-04  1.0676630D+05  3.09505D-01  3.09498D-01  6.77815D+33
  1.8986108D+30  6.9910300D+09  2.6023209D+06  2.2949645D+02  3.1525659D-04  1.0929210D+05  3.07483D-01  3.07476D-01  6.52798D+33
  1.8986107D+30  6.9904706D+09  3.0578349D+06  2.4113136D+02  3.5285485D-04  1.1185128D+05  3.05689D-01  3.05683D-01  6.29392D+33
  1.8986105D+30  6.9898821D+09  3.5947690D+06  2.5332007D+02  3.9586247D-04  1.1437686D+05  3.04021D-01  3.04016D-01  6.07456D+33
  1.8986104D+30  6.9892650D+09  4.2276837D+06  2.6609181D+02  4.4612495D-04  1.1673988D+05  3.02600D-01  3.02595D-01  5.86812D+33
  1.8986102D+30  6.9886221D+09  4.9737824D+06  2.7947690D+02  5.0731446D-04  1.1866628D+05  3.01443D-01  3.01439D-01  5.67317D+33
  1.8986100D+30  6.9879568D+09  5.8531255D+06  2.9351024D+02  5.7248342D-04  1.2111680D+05  3.00423D-01  3.00419D-01  5.48804D+33
  1.8986097D+30  6.9872569D+09  6.8897353D+06  3.0822005D+02  6.4142289D-04  1.2408548D+05  2.99483D-01  2.99480D-01  5.31229D+33
  1.8986094D+30  6.9865209D+09  8.1114679D+06  3.2364330D+02  7.1881617D-04  1.2715205D+05  2.98769D-01  2.98766D-01  5.14465D+33
  1.8986091D+30  6.9857471D+09  9.5512908D+06  3.3981639D+02  8.0567184D-04  1.3030171D+05  2.98149D-01  2.98147D-01  4.98434D+33
  1.8986086D+30  6.9849339D+09  1.1247854D+07  3.5677871D+02  9.0310215D-04  1.3355753D+05  2.97683D-01  2.97681D-01  4.83055D+33
  1.8986081D+30  6.9840794D+09  1.3246948D+07  3.7456878D+02  1.0123827D-03  1.3689917D+05  2.97269D-01  2.97267D-01  4.68287D+33
  1.8986075D+30  6.9831815D+09  1.5602130D+07  3.9322951D+02  1.1348956D-03  1.4034153D+05  2.96937D-01  2.96935D-01  4.54070D+33
  1.8986068D+30  6.9822382D+09  1.8376758D+07  4.1280331D+02  1.2722254D-03  1.4389185D+05  2.96680D-01  2.96679D-01  4.40372D+33
  1.8986060D+30  6.9812473D+09  2.1644957D+07  4.3333709D+02  1.4260781D-03  1.4754010D+05  2.96465D-01  2.96464D-01  4.27146D+33
  1.8986051D+30  6.9802064D+09  2.5494299D+07  4.5487767D+02  1.5984016D-03  1.5131203D+05  2.96282D-01  2.96281D-01  4.14370D+33
  1.8986039D+30  6.9791129D+09  3.0028195D+07  4.7747247D+02  1.7913922D-03  1.5518089D+05  2.96089D-01  2.96088D-01  4.02031D+33
  1.8986026D+30  6.9779640D+09  3.5368069D+07  5.0117249D+02  2.0074459D-03  1.5917245D+05  2.95866D-01  2.95865D-01  3.90110D+33
  1.8986010D+30  6.9767570D+09  4.1657318D+07  5.2602932D+02  2.2492996D-03  1.6329492D+05  2.95704D-01  2.95703D-01  3.78596D+33
  1.8985992D+30  6.9754887D+09  4.9064029D+07  5.5209927D+02  2.5198883D-03  1.6752391D+05  2.95445D-01  2.95445D-01  3.67468D+33
  1.8985970D+30  6.9741558D+09  5.7787069D+07  5.7943798D+02  2.8225981D-03  1.7191380D+05  2.95233D-01  2.95232D-01  3.56721D+33
  1.8985944D+30  6.9727548D+09  6.8061798D+07  6.0810094D+02  3.1612381D-03  1.7639968D+05  2.94848D-01  2.94847D-01  3.46359D+33
  1.8985914D+30  6.9712818D+09  8.0164422D+07  6.3814911D+02  3.5398995D-03  1.8106794D+05  2.94490D-01  2.94490D-01  3.36372D+33
  1.8985879D+30  6.9697326D+09  9.4423667D+07  6.6963956D+02  3.9633991D-03  1.8587248D+05  2.93998D-01  2.93998D-01  3.26771D+33
  1.8985837D+30  6.9681031D+09  1.1122311D+08  7.0263990D+02  4.4366991D-03  1.9082482D+05  2.93462D-01  2.93462D-01  3.17535D+33
  1.8985788D+30  6.9663883D+09  1.3102362D+08  7.3720640D+02  4.9659160D-03  1.9596671D+05  2.92774D-01  2.92774D-01  3.08690D+33
  1.8985730D+30  6.9645831D+09  1.5436297D+08  7.7340835D+02  5.5573649D-03  2.0123946D+05  2.91985D-01  2.91985D-01  3.00219D+33
  1.8985662D+30  6.9626819D+09  1.8188785D+08  8.1130273D+02  6.2184763D-03  2.0675209D+05  2.91062D-01  2.91062D-01  2.92149D+33
  1.8985582D+30  6.9606789D+09  2.1435254D+08  8.5096229D+02  6.9572426D-03  2.1243307D+05  2.89982D-01  2.89981D-01  2.84460D+33
  1.8985487D+30  6.9585670D+09  2.5267214D+08  8.9243879D+02  7.7829968D-03  2.1829824D+05  2.88727D-01  2.88727D-01  2.77192D+33
  1.8985376D+30  6.9563397D+09  2.9791163D+08  9.3580618D+02  8.7058087D-03  2.2443985D+05  2.87292D-01  2.87291D-01  2.70323D+33
  1.8985244D+30  6.9539886D+09  3.5136530D+08  9.8111432D+02  9.7373453D-03  2.3074815D+05  2.85713D-01  2.85713D-01  2.63890D+33
  1.8985089D+30  6.9515059D+09  4.1454168D+08  1.0284378D+03  1.0889535D-02  2.3742431D+05  2.83927D-01  2.83927D-01  2.57871D+33
  1.8984905D+30  6.9488818D+09  4.8927759D+08  1.0778231D+03  1.2177470D-02  2.4431506D+05  2.81984D-01  2.81984D-01  2.52299D+33
  1.8984689D+30  6.9461067D+09  5.7772793D+08  1.1293386D+03  1.3615791D-02  2.5149589D+05  2.79817D-01  2.79817D-01  2.47162D+33
  1.8984432D+30  6.9431692D+09  6.8250641D+08  1.1830288D+03  1.5223036D-02  2.5910374D+05  2.77526D-01  2.77526D-01  2.42486D+33
  1.8984129D+30  6.9400581D+09  8.0668371D+08  1.2389615D+03  1.7016950D-02  2.6697512D+05  2.75085D-01  2.75085D-01  2.38254D+33
  1.8983770D+30  6.9367599D+09  9.5398051D+08  1.2971798D+03  1.9018607D-02  2.7541419D+05  2.72525D-01  2.72525D-01  2.34485D+33
  1.8983345D+30  6.9332610D+09  1.1287812D+09  1.3577486D+03  2.1250884D-02  2.8421395D+05  2.69806D-01  2.69806D-01  2.31163D+33
  1.8982841D+30  6.9295450D+09  1.3364235D+09  1.4206984D+03  2.3737803D-02  2.9354228D+05  2.67003D-01  2.67003D-01  2.28314D+33
  1.8982243D+30  6.9255955D+09  1.5831918D+09  1.4860878D+03  2.6505350D-02  3.0356598D+05  2.64031D-01  2.64031D-01  2.25926D+33
  1.8981534D+30  6.9213928D+09  1.8767013D+09  1.5539451D+03  2.9582757D-02  3.1402780D+05  2.61032D-01  2.61032D-01  2.24016D+33
  1.8980693D+30  6.9169166D+09  2.2259731D+09  1.6243167D+03  3.2997793D-02  3.2540052D+05  2.57928D-01  2.57928D-01  2.22578D+33
  1.8979694D+30  6.9121440D+09  2.6418347D+09  1.6972344D+03  3.6783315D-02  3.3745208D+05  2.54780D-01  2.54780D-01  2.21619D+33
  1.8978507D+30  6.9070494D+09  3.1372240D+09  1.7727253D+03  4.0971316D-02  3.5021459D+05  2.51592D-01  2.51592D-01  2.21144D+33
  1.8977097D+30  6.9016046D+09  3.7276597D+09  1.8508019D+03  4.5596683D-02  3.6422225D+05  2.48315D-01  2.48315D-01  2.21169D+33
  1.8975422D+30  6.8957793D+09  4.4315168D+09  1.9314896D+03  5.0691544D-02  3.7907717D+05  2.45060D-01  2.45060D-01  2.21692D+33
  1.8973431D+30  6.8895383D+09  5.2709085D+09  2.0147795D+03  5.6292418D-02  3.9501256D+05  2.41738D-01  2.41738D-01  2.22735D+33
  1.8971066D+30  6.8828451D+09  6.2719297D+09  2.1006798D+03  6.2435862D-02  4.1225896D+05  2.38490D-01  2.38490D-01  2.24299D+33
  1.8968257D+30  6.8756586D+09  7.4656615D+09  2.1891777D+03  6.9152928D-02  4.3075576D+05  2.35216D-01  2.35216D-01  2.26399D+33
  1.8964922D+30  6.8679339D+09  8.8889186D+09  2.2802500D+03  7.6478136D-02  4.5068946D+05  2.32003D-01  2.32003D-01  2.29048D+33
  1.8960967D+30  6.8596218D+09  1.0585270D+10  2.3738557D+03  8.4446405D-02  4.7197531D+05  2.28571D-01  2.28571D-01  2.32264D+33
  1.8956276D+30  6.8506650D+09  1.2607112D+10  2.4698771D+03  9.3096092D-02  4.9485036D+05  2.25179D-01  2.25179D-01  2.36113D+33
  1.8950717D+30  6.8410035D+09  1.5015892D+10  2.5682033D+03  1.0246214D-01  5.1926451D+05  2.21166D-01  2.21166D-01  2.40639D+33
  1.8944131D+30  6.8305627D+09  1.7886726D+10  2.6685676D+03  1.1258823D-01  5.4547627D+05  2.17231D-01  2.17231D-01  2.45981D+33
  1.8936343D+30  6.8192831D+09  2.1302117D+10  2.7709415D+03  1.2349483D-01  5.7362340D+05  2.13614D-01  2.13614D-01  2.52101D+33
  1.8927157D+30  6.8070980D+09  2.5358491D+10  2.8752200D+03  1.3520131D-01  6.0353326D+05  2.10414D-01  2.10414D-01  2.59007D+33
  1.8916354D+30  6.7939478D+09  3.0162833D+10  2.9813950D+03  1.4771343D-01  6.3558562D+05  2.07852D-01  2.07852D-01  2.66634D+33
  1.8903702D+30  6.7797782D+09  3.5833377D+10  3.0895008D+03  1.6102762D-01  6.6953199D+05  2.05352D-01  2.05352D-01  2.74882D+33
  1.8888913D+30  6.7645022D+09  4.2516736D+10  3.1991548D+03  1.7516112D-01  7.0550075D+05  2.02445D-01  2.02445D-01  2.83903D+33
  1.8871674D+30  6.7480370D+09  5.0377129D+10  3.3100089D+03  1.9012471D-01  7.4398180D+05  1.98999D-01  1.98999D-01  2.93809D+33
  1.8851612D+30  6.7302763D+09  5.9611710D+10  3.4214293D+03  2.0594118D-01  7.8420571D+05  1.94283D-01  1.94283D-01  3.04867D+33
  1.8828325D+30  6.7111187D+09  7.0441278D+10  3.5328093D+03  2.2261840D-01  8.2704646D+05  1.89990D-01  1.89990D-01  3.17317D+33
  1.8801469D+30  6.6905360D+09  8.3067321D+10  3.6442734D+03  2.4011411D-01  8.7202808D+05  1.86972D-01  1.86972D-01  3.30943D+33
  1.8770698D+30  6.6685039D+09  9.7703423D+10  3.7558552D+03  2.5836349D-01  9.1858807D+05  1.85226D-01  1.85226D-01  3.45583D+33
  1.8735711D+30  6.6450339D+09  1.1455125D+11  3.8678128D+03  2.7730915D-01  9.6745777D+05  1.84015D-01  1.84015D-01  3.60933D+33
  1.8696201D+30  6.6201279D+09  1.3382657D+11  3.9801621D+03  2.9689785D-01  1.0163608D+06  1.84145D-01  1.84145D-01  3.76829D+33
  1.8651857D+30  6.5937843D+09  1.5575846D+11  4.0927409D+03  3.1709585D-01  1.0672868D+06  1.83637D-01  1.83637D-01  3.93216D+33
  1.8602418D+30  6.5660239D+09  1.8056507D+11  4.2054970D+03  3.3786763D-01  1.1182568D+06  1.84183D-01  1.84183D-01  4.09971D+33
  1.8547664D+30  6.5368844D+09  2.0845383D+11  4.3184214D+03  3.5915160D-01  1.1706985D+06  1.84986D-01  1.84986D-01  4.26952D+33
  1.8487435D+30  6.5064183D+09  2.3961559D+11  4.4315625D+03  3.8088980D-01  1.2238781D+06  1.86410D-01  1.86410D-01  4.43986D+33
  1.8421609D+30  6.4746825D+09  2.7423061D+11  4.5449383D+03  4.0300102D-01  1.2776595D+06  1.88190D-01  1.88190D-01  4.60930D+33
  1.8350119D+30  6.4417439D+09  3.1246058D+11  4.6586036D+03  4.2548532D-01  1.3301118D+06  1.90440D-01  1.90440D-01  4.77630D+33
  1.8272930D+30  6.4076713D+09  3.5445819D+11  4.7725727D+03  4.4829856D-01  1.3825656D+06  1.92583D-01  1.92583D-01  4.93975D+33
  1.8189889D+30  6.3724718D+09  4.0045094D+11  4.8862450D+03  4.7152797D-01  1.4314618D+06  1.93428D-01  1.93428D-01  5.10242D+33
  1.8100959D+30  6.3362005D+09  4.5061257D+11  4.9994295D+03  4.9518120D-01  1.4808866D+06  1.94786D-01  1.94786D-01  5.26475D+33
  1.8006295D+30  6.2989757D+09  5.0501762D+11  5.1125311D+03  5.1922800D-01  1.5266299D+06  1.97847D-01  1.97847D-01  5.42371D+33
  1.7906045D+30  6.2609023D+09  5.6374076D+11  5.2258245D+03  5.4369551D-01  1.5714857D+06  2.00519D-01  2.00519D-01  5.57723D+33
  1.7800228D+30  6.2220233D+09  6.2693932D+11  5.3390134D+03  5.6857566D-01  1.6150991D+06  2.03212D-01  2.03212D-01  5.72683D+33
  1.7689056D+30  6.1824439D+09  6.9465734D+11  5.4524327D+03  5.9388061D-01  1.6564133D+06  2.06778D-01  2.06778D-01  5.87034D+33
  1.7572704D+30  6.1422475D+09  7.6695751D+11  5.5662376D+03  6.1958725D-01  1.6974683D+06  2.10558D-01  2.10558D-01  6.00681D+33
  1.7451320D+30  6.1014960D+09  8.4392109D+11  5.6804318D+03  6.4567709D-01  1.7368414D+06  2.13882D-01  2.13882D-01  6.13630D+33
  1.7324957D+30  6.0602154D+09  9.2568936D+11  5.7946947D+03  6.7219322D-01  1.7750210D+06  2.16830D-01  2.16830D-01  6.26079D+33
  1.7193754D+30  6.0184565D+09  1.0123503D+12  5.9089860D+03  6.9912234D-01  1.8124907D+06  2.19660D-01  2.19660D-01  6.38067D+33
  1.7057861D+30  5.9762673D+09  1.1039847D+12  6.0232823D+03  7.2646308D-01  1.8484499D+06  2.22748D-01  2.22748D-01  6.49627D+33
  1.6917495D+30  5.9337121D+09  1.2006261D+12  6.1377654D+03  7.5422190D-01  1.8829589D+06  2.26011D-01  2.26011D-01  6.60676D+33
  1.6772817D+30  5.8908340D+09  1.3023409D+12  6.2524410D+03  7.8240390D-01  1.9162927D+06  2.29289D-01  2.29289D-01  6.71241D+33
  1.6623997D+30  5.8476748D+09  1.4091876D+12  6.3673382D+03  8.1100906D-01  1.9491009D+06  2.32939D-01  2.32939D-01  6.81334D+33
  1.6471298D+30  5.8042984D+09  1.5211525D+12  6.4827757D+03  8.3999275D-01  1.9815847D+06  2.37095D-01  2.37095D-01  6.90811D+33
  1.6314895D+30  5.7607392D+09  1.6382760D+12  6.5988056D+03  8.6934458D-01  2.0133519D+06  2.41241D-01  2.41241D-01  6.99680D+33
  1.6165423D+30  5.7198630D+09  1.7525208D+12  6.7078620D+03  8.9711852D-01  2.0424245D+06  2.45091D-01  2.45091D-01  7.07446D+33
  1.6165409D+30  5.7198593D+09  1.7525319D+12  6.7078724D+03  9.4225934D-01  1.9907953D+06  2.44355D-01  2.44355D-01  7.07461D+33
  1.6093885D+30  5.7014719D+09  1.8079769D+12  6.7593009D+03  9.5615192D-01  2.0039861D+06  2.46074D-01  2.46074D-01  7.11022D+33
  1.5926572D+30  5.6590235D+09  1.9395497D+12  6.8781682D+03  9.8842535D-01  2.0340536D+06  2.50280D-01  2.50280D-01  7.18862D+33
  1.5755864D+30  5.6164782D+09  2.0764902D+12  6.9976342D+03  1.0210274D+00  2.0653819D+06  2.54615D-01  2.54615D-01  7.26174D+33
  1.5581933D+30  5.5738564D+09  2.2188097D+12  7.1177368D+03  1.0538745D+00  2.0976183D+06  2.58725D-01  2.58725D-01  7.32975D+33
  1.5404896D+30  5.5311610D+09  2.3665649D+12  7.2383359D+03  1.0869422D+00  2.1299707D+06  2.62417D-01  2.62417D-01  7.39372D+33
  1.5224870D+30  5.4883942D+09  2.5198095D+12  7.3592976D+03  1.1202063D+00  2.1627864D+06  2.65805D-01  2.65805D-01  7.45464D+33
  1.5041976D+30  5.4455580D+09  2.6785907D+12  7.4805072D+03  1.1536374D+00  2.1958322D+06  2.68760D-01  2.68760D-01  7.51338D+33
  1.4856318D+30  5.4026492D+09  2.8429695D+12  7.6017960D+03  1.1872193D+00  2.2288351D+06  2.71273D-01  2.71273D-01  7.57102D+33
  1.4668023D+30  5.3596696D+09  3.0129845D+12  7.7230737D+03  1.2209618D+00  2.2603419D+06  2.73740D-01  2.73740D-01  7.62821D+33
  1.4477241D+30  5.3166272D+09  3.1886483D+12  7.8443380D+03  1.2548779D+00  2.2911840D+06  2.76150D-01  2.76150D-01  7.68518D+33
  1.4284125D+30  5.2735307D+09  3.3699661D+12  7.9656073D+03  1.2889586D+00  2.3217820D+06  2.78620D-01  2.78620D-01  7.74202D+33
  1.4088822D+30  5.2303861D+09  3.5569464D+12  8.0868801D+03  1.3231980D+00  2.3518231D+06  2.80987D-01  2.80987D-01  7.79896D+33
  1.3891460D+30  5.1871963D+09  3.7496060D+12  8.2081226D+03  1.3575940D+00  2.3814391D+06  2.83221D-01  2.83221D-01  7.85634D+33
  1.3692166D+30  5.1439629D+09  3.9479633D+12  8.3292907D+03  1.3921423D+00  2.4104972D+06  2.85375D-01  2.85375D-01  7.91456D+33
  1.3491118D+30  5.1006992D+09  4.1519783D+12  8.4505251D+03  1.4268728D+00  2.4367548D+06  2.88241D-01  2.88241D-01  7.97316D+33
  1.3288489D+30  5.0574188D+09  4.3616075D+12  8.5719739D+03  1.4617986D+00  2.4630276D+06  2.91182D-01  2.91182D-01  8.03167D+33
  1.3084412D+30  5.0141262D+09  4.5768424D+12  8.6936650D+03  1.4969034D+00  2.4891765D+06  2.94121D-01  2.94121D-01  8.09018D+33
  1.2879007D+30  4.9708231D+09  4.7976807D+12  8.8155983D+03  1.5321728D+00  2.5153955D+06  2.97002D-01  2.97002D-01  8.14892D+33
  1.2672389D+30  4.9275095D+09  5.0241239D+12  8.9377554D+03  1.5675877D+00  2.5419052D+06  2.99776D-01  2.99776D-01  8.20817D+33
  1.2464665D+30  4.8841835D+09  5.2561768D+12  9.0601001D+03  1.6031242D+00  2.5689226D+06  3.02396D-01  3.02396D-01  8.26829D+33
  1.2255933D+30  4.8408410D+09  5.4938481D+12  9.1825770D+03  1.6387484D+00  2.5973841D+06  3.04416D-01  3.04416D-01  8.32971D+33
  1.2046227D+30  4.7974632D+09  5.7372242D+12  9.3048888D+03  1.6744267D+00  2.6261560D+06  3.06073D-01  3.06073D-01  8.39391D+33
  1.1835657D+30  4.7540474D+09  5.9862973D+12  9.4270172D+03  1.7101475D+00  2.6550293D+06  3.07564D-01  3.07564D-01  8.46110D+33
  1.1624325D+30  4.7105887D+09  6.2410697D+12  9.5489094D+03  1.7458981D+00  2.6840143D+06  3.08892D-01  3.08892D-01  8.53168D+33
  1.1412331D+30  4.6670819D+09  6.5015417D+12  9.6705142D+03  1.7816660D+00  2.7131151D+06  3.10062D-01  3.10062D-01  8.60601D+33
  1.1199773D+30  4.6235216D+09  6.7677113D+12  9.7917813D+03  1.8174391D+00  2.7423346D+06  3.11079D-01  3.11079D-01  8.68448D+33
  1.0986751D+30  4.5799022D+09  7.0395746D+12  9.9126620D+03  1.8532054D+00  2.7716753D+06  3.11947D-01  3.11947D-01  8.76747D+33
  1.0773361D+30  4.5362179D+09  7.3171257D+12  1.0033109D+04  1.8889534D+00  2.8010775D+06  3.12444D-01  3.12444D-01  8.85534D+33
  1.0559647D+30  4.4924517D+09  7.6004287D+12  1.0152871D+04  1.9246902D+00  2.8299661D+06  3.12285D-01  3.12285D-01  8.94935D+33
  1.0345699D+30  4.4485964D+09  7.8894859D+12  1.0271875D+04  1.9604228D+00  2.8583155D+06  3.12092D-01  3.12092D-01  9.04999D+33
  1.0131621D+30  4.4046484D+09  8.1842767D+12  1.0390110D+04  1.9961551D+00  2.8861273D+06  3.11871D-01  3.11871D-01  9.15754D+33
  9.9175172D+29  4.3606038D+09  8.4847786D+12  1.0507569D+04  2.0318910D+00  2.9134045D+06  3.11627D-01  3.11627D-01  9.27228D+33
  9.7034899D+29  4.3164588D+09  8.7909670D+12  1.0624246D+04  2.0676341D+00  2.9401506D+06  3.11366D-01  3.11366D-01  9.39452D+33
  9.4896396D+29  4.2722094D+09  9.1028155D+12  1.0740138D+04  2.1033881D+00  2.9663701D+06  3.11094D-01  3.11094D-01  9.52455D+33
  9.2760655D+29  4.2278517D+09  9.4202958D+12  1.0855245D+04  2.1391562D+00  2.9920680D+06  3.10814D-01  3.10814D-01  9.66274D+33
  9.0628680D+29  4.1833821D+09  9.7433737D+12  1.0969576D+04  2.1749451D+00  3.0166328D+06  3.10645D-01  3.10645D-01  9.80940D+33
  8.8500792D+29  4.1387834D+09  1.0072117D+13  1.1082864D+04  2.2108181D+00  3.0377189D+06  3.08664D-01  3.08664D-01  9.96607D+33
  8.6377360D+29  4.0940401D+09  1.0406589D+13  1.1194858D+04  2.2468183D+00  3.0583606D+06  3.06937D-01  3.06937D-01  1.01343D+34
  8.4259518D+29  4.0491532D+09  1.0746732D+13  1.1305639D+04  2.2829429D+00  3.0786106D+06  3.05438D-01  3.05438D-01  1.03142D+34
  8.2148356D+29  4.0041226D+09  1.1092489D+13  1.1415278D+04  2.3191878D+00  3.0985182D+06  3.04143D-01  3.04143D-01  1.05061D+34
  8.0044928D+29  3.9589475D+09  1.1443801D+13  1.1523839D+04  2.3555485D+00  3.1181287D+06  3.03030D-01  3.03030D-01  1.07104D+34
  7.7950252D+29  3.9136262D+09  1.1800611D+13  1.1631381D+04  2.3920197D+00  3.1374848D+06  3.02082D-01  3.02082D-01  1.09275D+34
  7.5865317D+29  3.8681567D+09  1.2162859D+13  1.1737957D+04  2.4285952D+00  3.1566263D+06  3.01281D-01  3.01281D-01  1.11578D+34
  7.3791085D+29  3.8225358D+09  1.2530484D+13  1.1843614D+04  2.4652683D+00  3.1755905D+06  3.00613D-01  3.00613D-01  1.14021D+34
  7.1728580D+29  3.7767622D+09  1.2903408D+13  1.1948437D+04  2.5020311D+00  3.1943116D+06  3.00399D-01  3.00399D-01  1.16607D+34
  6.9678876D+29  3.7308352D+09  1.3281536D+13  1.2052545D+04  2.5388755D+00  3.2124559D+06  3.00044D-01  3.00044D-01  1.19341D+34
  6.7642352D+29  3.6847388D+09  1.3664897D+13  1.2155722D+04  2.5758265D+00  3.2295367D+06  2.99122D-01  2.99122D-01  1.22243D+34
  6.5619811D+29  3.6384663D+09  1.4053438D+13  1.2257959D+04  2.6128817D+00  3.2467323D+06  2.98378D-01  2.98378D-01  1.25324D+34
  6.3612173D+29  3.5920136D+09  1.4447079D+13  1.2359310D+04  2.6500261D+00  3.2640763D+06  2.97789D-01  2.97789D-01  1.28594D+34
  6.1620334D+29  3.5453754D+09  1.4845740D+13  1.2459820D+04  2.6872444D+00  3.2816013D+06  2.97335D-01  2.97335D-01  1.32065D+34
  5.9645168D+29  3.4985458D+09  1.5249336D+13  1.2559529D+04  2.7245208D+00  3.2993389D+06  2.96999D-01  2.96999D-01  1.35750D+34
  5.7687531D+29  3.4515181D+09  1.5657779D+13  1.2658469D+04  2.7618388D+00  3.3173198D+06  2.96763D-01  2.96763D-01  1.39663D+34
  5.5748263D+29  3.4042846D+09  1.6070979D+13  1.2756668D+04  2.7991814D+00  3.3355736D+06  2.96614D-01  2.96614D-01  1.43820D+34
  5.3828193D+29  3.3568371D+09  1.6488843D+13  1.2854150D+04  2.8365311D+00  3.3541292D+06  2.96539D-01  2.96539D-01  1.48240D+34
  5.1928143D+29  3.3091667D+09  1.6911270D+13  1.2950935D+04  2.8738622D+00  3.3738968D+06  2.96564D-01  2.96564D-01  1.52942D+34
  5.0048946D+29  3.2612638D+09  1.7338152D+13  1.3047051D+04  2.9111392D+00  3.3941850D+06  2.96665D-01  2.96665D-01  1.57949D+34
  4.8191411D+29  3.2131178D+09  1.7769380D+13  1.3142512D+04  2.9483460D+00  3.4146822D+06  2.96822D-01  2.96822D-01  1.63285D+34
  4.6356385D+29  3.1647183D+09  1.8204828D+13  1.3237355D+04  2.9854589D+00  3.4365947D+06  2.97674D-01  2.97674D-01  1.68978D+34
  4.4545128D+29  3.1160654D+09  1.8644262D+13  1.3331879D+04  3.0224209D+00  3.4594406D+06  2.98942D-01  2.98942D-01  1.75040D+34
  4.2758352D+29  3.0671441D+09  1.9087567D+13  1.3426052D+04  3.0592191D+00  3.4823009D+06  3.00131D-01  3.00131D-01  1.81507D+34
  4.0996775D+29  3.0179388D+09  1.9534624D+13  1.3519843D+04  3.0958446D+00  3.5051724D+06  3.01243D-01  3.01243D-01  1.88420D+34
  3.9261115D+29  2.9684331D+09  1.9985306D+13  1.3613221D+04  3.1322883D+00  3.5280515D+06  3.02279D-01  3.02279D-01  1.95823D+34
  3.7552098D+29  2.9186103D+09  2.0439479D+13  1.3706154D+04  3.1685409D+00  3.5509341D+06  3.03243D-01  3.03243D-01  2.03766D+34
  3.5870455D+29  2.8684525D+09  2.0897001D+13  1.3798611D+04  3.2045933D+00  3.5738157D+06  3.04135D-01  3.04135D-01  2.12307D+34
  3.4216922D+29  2.8179413D+09  2.1357723D+13  1.3890561D+04  3.2404359D+00  3.5966915D+06  3.04957D-01  3.04957D-01  2.21510D+34
  3.2592239D+29  2.7670574D+09  2.1821486D+13  1.3981973D+04  3.2760592D+00  3.6195561D+06  3.05713D-01  3.05713D-01  2.31449D+34
  3.0997155D+29  2.7157804D+09  2.2288123D+13  1.4072813D+04  3.3114487D+00  3.6429385D+06  3.06406D-01  3.06406D-01  2.42207D+34
  2.9432431D+29  2.6640890D+09  2.2757455D+13  1.4163055D+04  3.3465893D+00  3.6661663D+06  3.07062D-01  3.07062D-01  2.53880D+34
  2.7898839D+29  2.6119610D+09  2.3229291D+13  1.4252675D+04  3.3814748D+00  3.6891464D+06  3.07683D-01  3.07683D-01  2.66577D+34
  2.6397155D+29  2.5593729D+09  2.3703430D+13  1.4341645D+04  3.4160990D+00  3.7118725D+06  3.08271D-01  3.08271D-01  2.80425D+34
  2.4928162D+29  2.5062999D+09  2.4179657D+13  1.4429940D+04  3.4504548D+00  3.7343379D+06  3.08825D-01  3.08825D-01  2.95570D+34
  2.3492689D+29  2.4527172D+09  2.4657732D+13  1.4517568D+04  3.4845294D+00  3.7572263D+06  3.09792D-01  3.09792D-01  3.12179D+34
  2.2091659D+29  2.3986021D+09  2.5137369D+13  1.4604621D+04  3.5183007D+00  3.7799582D+06  3.10847D-01  3.10847D-01  3.30437D+34
  2.0725840D+29  2.3439240D+09  2.5618319D+13  1.4691052D+04  3.5517636D+00  3.8022428D+06  3.11814D-01  3.11814D-01  3.50578D+34
  1.9396012D+29  2.2886506D+09  2.6100316D+13  1.4776811D+04  3.5849125D+00  3.8240807D+06  3.12697D-01  3.12697D-01  3.72880D+34
  1.8102961D+29  2.2327472D+09  2.6583078D+13  1.4861850D+04  3.6177406D+00  3.8454728D+06  3.13498D-01  3.13498D-01  3.97670D+34
  1.6847487D+29  2.1761771D+09  2.7066300D+13  1.4946120D+04  3.6502403D+00  3.8664201D+06  3.14221D-01  3.14221D-01  4.25342D+34
  1.5630399D+29  2.1189008D+09  2.7549657D+13  1.5029569D+04  3.6824024D+00  3.8869237D+06  3.14869D-01  3.14869D-01  4.56371D+34
  1.4452517D+29  2.0608756D+09  2.8032798D+13  1.5112145D+04  3.7142164D+00  3.9069844D+06  3.15445D-01  3.15445D-01  4.91334D+34
  1.3314670D+29  2.0020557D+09  2.8515344D+13  1.5193792D+04  3.7456702D+00  3.9266029D+06  3.15952D-01  3.15952D-01  5.30935D+34
  1.2217701D+29  1.9423917D+09  2.8996889D+13  1.5274453D+04  3.7767503D+00  3.9456852D+06  3.16396D-01  3.16396D-01  5.76046D+34
  1.1162461D+29  1.8818296D+09  2.9476988D+13  1.5354071D+04  3.8074444D+00  3.9641251D+06  3.16785D-01  3.16785D-01  6.27751D+34
  1.0149812D+29  1.8203109D+09  2.9955161D+13  1.5432583D+04  3.8377356D+00  3.9821152D+06  3.17123D-01  3.17123D-01  6.87412D+34
  9.1806215D+28  1.7577715D+09  3.0430883D+13  1.5509925D+04  3.8676039D+00  3.9996553D+06  3.17410D-01  3.17410D-01  7.56766D+34
  8.2557667D+28  1.6941410D+09  3.0903580D+13  1.5586024D+04  3.8970264D+00  4.0167438D+06  3.17652D-01  3.17652D-01  8.38047D+34
  7.3761284D+28  1.6293418D+09  3.1372623D+13  1.5660806D+04  3.9259774D+00  4.0333780D+06  3.17849D-01  3.17849D-01  9.34166D+34
  6.5425899D+28  1.5632879D+09  3.1837319D+13  1.5734188D+04  3.9544277D+00  4.0495536D+06  3.18006D-01  3.18006D-01  1.04898D+35
  5.7560331D+28  1.4958834D+09  3.2296899D+13  1.5806077D+04  3.9823442D+00  4.0652642D+06  3.18126D-01  3.18126D-01  1.18768D+35
  5.0173337D+28  1.4270212D+09  3.2750510D+13  1.5876375D+04  4.0096891D+00  4.0804861D+06  3.18175D-01  3.18175D-01  1.35737D+35
  4.3273472D+28  1.3565798D+09  3.3197205D+13  1.5944954D+04  4.0364202D+00  4.0952379D+06  3.18166D-01  3.18166D-01  1.56800D+35
  3.6869185D+28  1.2844228D+09  3.3635909D+13  1.6011696D+04  4.0624875D+00  4.1095409D+06  3.18165D-01  3.18165D-01  1.83379D+35
  3.0968575D+28  1.2103946D+09  3.4065409D+13  1.6076466D+04  4.0878338D+00  4.1233710D+06  3.18172D-01  3.18172D-01  2.17565D+35
  2.5579206D+28  1.1343164D+09  3.4484326D+13  1.6139108D+04  4.1123933D+00  4.1366996D+06  3.18185D-01  3.18185D-01  2.62527D+35
  2.0707888D+28  1.0559806D+09  3.4891077D+13  1.6199438D+04  4.1360894D+00  4.1494929D+06  3.18203D-01  3.18203D-01  3.23249D+35
  1.6360344D+28  9.7514407D+08  3.5283833D+13  1.6257244D+04  4.1588327D+00  4.1617106D+06  3.18224D-01  3.18224D-01  4.07900D+35
  1.2540769D+28  8.9151853D+08  3.5660456D+13  1.6312268D+04  4.1805173D+00  4.1733044D+06  3.18248D-01  3.18248D-01  5.30595D+35
  9.2511812D+27  8.0475762D+08  3.6018421D+13  1.6364204D+04  4.2010169D+00  4.1842153D+06  3.18272D-01  3.18272D-01  7.17309D+35
  6.4904877D+27  7.1443777D+08  3.6354708D+13  1.6412679D+04  4.2201784D+00  4.1943710D+06  3.18297D-01  3.18297D-01  1.01982D+36
  4.2530959D+27  6.2002904D+08  3.6665647D+13  1.6457232D+04  4.2378134D+00  4.2036813D+06  3.18322D-01  3.18322D-01  1.55269D+36
  2.5268018D+27  5.2084591D+08  3.6946700D+13  1.6497286D+04  4.2536867D+00  4.2120318D+06  3.18345D-01  3.18345D-01  2.60803D+36
  1.2894783D+27  4.1595026D+08  3.7192141D+13  1.6532096D+04  4.2674974D+00  4.2192745D+06  3.18365D-01  3.18365D-01  5.10133D+36
  5.0369246D+26  3.0389714D+08  3.7394566D+13  1.6560690D+04  4.2788521D+00  4.2252135D+06  3.18383D-01  3.18383D-01  1.30403D+37
  1.0760031D+26  1.8159527D+08  3.7544125D+13  1.6581750D+04  4.2872210D+00  4.2295817D+06  3.18396D-01  3.18396D-01  6.09769D+37
  0.0000000D+00  0.0000000D+00  3.7627389D+13  1.6593450D+04  4.2918727D+00  4.2320063D+06  3.18403D-01  3.18403D-01  3.45366D+33

C **********************************************************************
C Ce modele a ete construit grace au code de structure interne des planetes CEPAM(*)
C Pour tout renseignement complementaire, contacter
C          Tristan Guillot
C          Lunar & Planetary Laboratory
C          University of Arizona
C          Tucson, AZ 85721
C          USA
C     Tel: (602)621-6362
C     Fax: (602)621-4933
C     E-Mail: guillot@lpl.arizona.edu
C
C (*): Guillot & Morel, Astron. Astrophys. Suppl. Ser. 109, 109-123 (1995)
C **********************************************************************

