3.77852E+01
3.71153E+01
3.67077E+01
3.64163E+01
3.61911E+01
3.60085E+01
3.58557E+01
3.57248E+01
3.56106E+01
3.55095E+01
3.54192E+01
3.53376E+01
3.52633E+01
3.51953E+01
3.51327E+01
3.50747E+01
3.50208E+01
3.49704E+01
3.49233E+01
3.48790E+01
3.48372E+01
3.47978E+01
3.47605E+01
3.47250E+01
3.46914E+01
3.46593E+01
3.46287E+01
3.45995E+01
3.45716E+01
3.45448E+01
3.45191E+01
3.44944E+01
3.44707E+01
3.44478E+01
3.44258E+01
3.44046E+01
3.43842E+01
3.43645E+01
3.43454E+01
3.43270E+01
3.43091E+01
3.42919E+01
3.42751E+01
3.42589E+01
3.42431E+01
3.42278E+01
3.42129E+01
3.41985E+01
3.41845E+01
3.41710E+01
3.41578E+01
3.41451E+01
3.41327E+01
3.41208E+01
3.41092E+01
3.40980E+01
3.40872E+01
3.40768E+01
3.40667E+01
3.40570E+01
3.40476E+01
3.40385E+01
3.40298E+01
3.40214E+01
3.40134E+01
3.40058E+01
3.39985E+01
3.39916E+01
3.39851E+01
3.39788E+01
3.39729E+01
3.39672E+01
3.39618E+01
3.39566E+01
3.39518E+01
3.39472E+01
3.39429E+01
3.39387E+01
3.39348E+01
3.39310E+01
3.39274E+01
3.39240E+01
3.39206E+01
3.39174E+01
3.39142E+01
3.39111E+01
3.39080E+01
3.39048E+01
3.39016E+01
3.38984E+01
3.38952E+01
3.38920E+01
3.38889E+01
3.38857E+01
3.38824E+01
3.38792E+01
3.38758E+01
3.38724E+01
3.38689E+01
3.38651E+01
3.38610E+01
3.38566E+01
3.38519E+01
3.38497E+01
3.38497E+01
3.38449E+01
3.38394E+01
3.38334E+01
3.38269E+01
3.38200E+01
3.38127E+01
3.38049E+01
3.37966E+01
3.37879E+01
3.37786E+01
3.37687E+01
3.37579E+01
3.37464E+01
3.37343E+01
3.37214E+01
3.37078E+01
3.36937E+01
3.36791E+01
3.36636E+01
3.36474E+01
3.36304E+01
3.36128E+01
3.35946E+01
3.35761E+01
3.35574E+01
3.35386E+01
3.35198E+01
3.35015E+01
3.34841E+01
3.34681E+01
3.34532E+01
3.34391E+01
3.34259E+01
3.34133E+01
3.34016E+01
3.33909E+01
3.33814E+01
3.33731E+01
3.33660E+01
3.33599E+01
3.33549E+01
3.33508E+01
3.33478E+01
3.33457E+01
3.33447E+01
3.33447E+01
3.33456E+01
3.33475E+01
3.33503E+01
3.33540E+01
3.33585E+01
3.33639E+01
3.33701E+01
3.33770E+01
3.33847E+01
3.33930E+01
3.34019E+01
3.34114E+01
3.34214E+01
3.34319E+01
3.34428E+01
3.34540E+01
3.34656E+01
3.34774E+01
3.34895E+01
3.35018E+01
3.35142E+01
3.35268E+01
3.35395E+01
3.35523E+01
3.35652E+01
3.35782E+01
3.35912E+01
3.36043E+01
3.36174E+01
3.36306E+01
3.36438E+01
3.36571E+01
3.36705E+01
3.36840E+01
3.36976E+01
3.37114E+01
3.37253E+01
3.37394E+01
3.37538E+01
3.37685E+01
3.37835E+01
3.37989E+01
3.38148E+01
3.38311E+01
3.38480E+01
3.38653E+01
3.38833E+01
3.39017E+01
3.39207E+01
