-4.97033E-01
-4.97051E-01
-4.97074E-01
-4.97102E-01
-4.97134E-01
-4.97167E-01
-4.97201E-01
-4.97235E-01
-4.97267E-01
-4.97296E-01
-4.97320E-01
-4.97337E-01
-4.97347E-01
-4.97347E-01
-4.97334E-01
-4.97401E-01
-4.97564E-01
-4.97779E-01
-4.98049E-01
-4.98379E-01
-4.98773E-01
-4.99235E-01
-4.99769E-01
-5.00379E-01
-5.01077E-01
-5.01870E-01
-5.02764E-01
-5.03765E-01
-5.04876E-01
-5.06104E-01
-5.07453E-01
-5.08930E-01
-5.10287E-01
-5.11068E-01
-5.11896E-01
-5.12774E-01
-5.13703E-01
-5.14686E-01
-5.15761E-01
-5.16934E-01
-5.18210E-01
-5.19592E-01
-5.21084E-01
-5.22689E-01
-5.24413E-01
-5.26260E-01
-5.27503E-01
-5.27733E-01
-5.27882E-01
-5.27918E-01
-5.27808E-01
-5.27590E-01
-5.27245E-01
-5.26754E-01
-5.26091E-01
-5.25234E-01
-5.24152E-01
-5.22814E-01
-5.22302E-01
-5.21992E-01
-5.21028E-01
-5.19875E-01
-5.18514E-01
-5.16923E-01
-5.15077E-01
-5.12951E-01
-5.10515E-01
-5.07735E-01
-5.07500E-01
-5.07109E-01
-5.06728E-01
-5.06365E-01
-5.06026E-01
-5.05717E-01
-5.05448E-01
-5.05227E-01
-5.05919E-01
-5.07129E-01
-5.08551E-01
-5.10193E-01
-5.12065E-01
-5.14175E-01
-5.16532E-01
-5.19424E-01
-5.23203E-01
-5.27240E-01
-5.31474E-01
-5.35835E-01
-5.40245E-01
-5.44584E-01
-5.47874E-01
-5.51313E-01
-5.54988E-01
-5.58856E-01
-5.62662E-01
-5.66594E-01
-5.70635E-01
-5.75437E-01
-5.81008E-01
-5.87162E-01
-5.94116E-01
-6.01575E-01
-6.08934E-01
-6.11979E-01
-6.10673E-01
-6.17548E-01
-6.25077E-01
-6.32759E-01
-6.39616E-01
-6.45871E-01
-6.52187E-01
-6.58249E-01
-6.63881E-01
-6.69826E-01
-6.76629E-01
-6.84496E-01
-6.92050E-01
-6.97844E-01
-7.03670E-01
-7.10442E-01
-7.13481E-01
-7.15383E-01
-7.20241E-01
-7.25402E-01
-7.29531E-01
-7.32862E-01
-7.34750E-01
-7.36040E-01
-7.34840E-01
-7.35147E-01
-7.32298E-01
-7.28223E-01
-7.21270E-01
-7.11566E-01
-7.01149E-01
-6.93694E-01
-6.87502E-01
-6.82246E-01
-6.76926E-01
-6.70369E-01
-6.63077E-01
-6.55281E-01
-6.47472E-01
-6.40980E-01
-6.34507E-01
-6.28533E-01
-6.22530E-01
-6.16654E-01
-6.10728E-01
-6.04997E-01
-5.99303E-01
-5.93834E-01
-5.88501E-01
-5.83306E-01
-5.78345E-01
-5.73484E-01
-5.68948E-01
-5.64594E-01
-5.60534E-01
-5.56696E-01
-5.53126E-01
-5.49776E-01
-5.46793E-01
-5.44069E-01
-5.41677E-01
-5.39512E-01
-5.37630E-01
-5.36015E-01
-5.34639E-01
-5.33467E-01
-5.32448E-01
-5.31655E-01
-5.30929E-01
-5.30402E-01
-5.29835E-01
-5.29523E-01
-5.29143E-01
-5.28905E-01
-5.28578E-01
-5.28295E-01
-5.28026E-01
-5.27711E-01
-5.27336E-01
-5.26851E-01
-5.26246E-01
-5.25566E-01
-5.24664E-01
-5.23628E-01
-5.22267E-01
-5.20795E-01
-5.19131E-01
-5.17097E-01
-5.14720E-01
-5.12179E-01
-5.09332E-01
-5.06457E-01
-5.03438E-01
-5.00441E-01
-4.97376E-01
-4.94991E-01
