1.3574542E+01
1.3572808E+01
1.3570451E+01
1.3567576E+01
1.3564259E+01
1.3560561E+01
1.3556525E+01
1.3552187E+01
1.3547576E+01
1.3542714E+01
1.3537622E+01
1.3532314E+01
1.3526803E+01
1.3521102E+01
1.3515218E+01
1.3509161E+01
1.3502936E+01
1.3496551E+01
1.3490009E+01
1.3483315E+01
1.3476472E+01
1.3469483E+01
1.3462351E+01
1.3455079E+01
1.3447666E+01
1.3440116E+01
1.3432429E+01
1.3424605E+01
1.3416646E+01
1.3408551E+01
1.3400320E+01
1.3391953E+01
1.3383450E+01
1.3374811E+01
1.3366036E+01
1.3357124E+01
1.3348073E+01
1.3338884E+01
1.3329555E+01
1.3320084E+01
1.3310470E+01
1.3300711E+01
1.3290805E+01
1.3280751E+01
1.3270545E+01
1.3260187E+01
1.3249672E+01
1.3239003E+01
1.3228176E+01
1.3217190E+01
1.3206042E+01
1.3194730E+01
1.3183251E+01
1.3171602E+01
1.3159780E+01
1.3147783E+01
1.3135606E+01
1.3123248E+01
1.3110704E+01
1.3097968E+01
1.3085036E+01
1.3071905E+01
1.3058570E+01
1.3045029E+01
1.3031276E+01
1.3017308E+01
1.3003121E+01
1.2988709E+01
1.2974065E+01
1.2959176E+01
1.2944037E+01
1.2928641E+01
1.2912980E+01
1.2897049E+01
1.2880838E+01
1.2864341E+01
1.2847546E+01
1.2830442E+01
1.2813016E+01
1.2795259E+01
1.2777158E+01
1.2758702E+01
1.2739877E+01
1.2720670E+01
1.2701060E+01
1.2681031E+01
1.2660566E+01
1.2639647E+01
1.2618255E+01
1.2596373E+01
1.2573986E+01
1.2551077E+01
1.2527626E+01
1.2503607E+01
1.2478997E+01
1.2453772E+01
1.2427906E+01
1.2401368E+01
1.2374118E+01
1.2346120E+01
1.2317330E+01
1.2287701E+01
1.2257193E+01
1.2243666E+01
1.2243663E+01
1.2214387E+01
1.2182173E+01
1.2148969E+01
1.2114725E+01
1.2079408E+01
1.2042963E+01
1.2005331E+01
1.1966465E+01
1.1926302E+01
1.1884771E+01
1.1841771E+01
1.1797226E+01
1.1751079E+01
1.1703307E+01
1.1653803E+01
1.1602549E+01
1.1549565E+01
1.1494795E+01
1.1438116E+01
1.1379515E+01
1.1319010E+01
1.1256634E+01
1.1192452E+01
1.1126542E+01
1.1059000E+01
1.0989910E+01
1.0919430E+01
1.0847827E+01
1.0775332E+01
1.0702233E+01
1.0628560E+01
1.0554288E+01
1.0479472E+01
1.0404123E+01
1.0328423E+01
1.0252531E+01
1.0176551E+01
1.0100616E+01
1.0024702E+01
9.9488489E+00
9.8730683E+00
9.7974012E+00
9.7218855E+00
9.6465524E+00
9.5714363E+00
9.4965455E+00
9.4219056E+00
9.3475199E+00
9.2733952E+00
9.1995335E+00
9.1259441E+00
9.0526098E+00
8.9795395E+00
8.9067033E+00
8.8341067E+00
8.7617234E+00
8.6895553E+00
8.6175682E+00
8.5457589E+00
8.4740875E+00
8.4025574E+00
8.3311286E+00
8.2598037E+00
8.1885431E+00
8.1173496E+00
8.0461951E+00
7.9750809E+00
7.9039817E+00
7.8329034E+00
7.7618307E+00
7.6907632E+00
7.6196913E+00
7.5486113E+00
7.4775292E+00
7.4064431E+00
7.3353567E+00
7.2642689E+00
7.1931839E+00
7.1221158E+00
7.0510697E+00
6.9800621E+00
6.9090995E+00
6.8382025E+00
6.7673878E+00
6.6966868E+00
6.6261025E+00
6.5556710E+00
6.4854140E+00
6.4153608E+00
6.3455233E+00
6.2759247E+00
6.2065669E+00
6.1374604E+00
6.0686046E+00
6.0000000E+00
