 6.3264683E-01
 6.3217587E-01
 6.3132728E-01
 6.3017327E-01
 6.2876550E-01
 6.2714183E-01
 6.2533081E-01
 6.2335443E-01
 6.2123003E-01
 6.1897145E-01
 6.1658992E-01
 6.1409464E-01
 6.1149323E-01
 6.0879204E-01
 6.0599637E-01
 6.0311070E-01
 6.0013879E-01
 5.9708364E-01
 5.9394780E-01
 5.9073335E-01
 5.8744199E-01
 5.8407505E-01
 5.8063357E-01
 5.7711827E-01
 5.7352954E-01
 5.6986720E-01
 5.6613125E-01
 5.6232146E-01
 5.5843743E-01
 5.5447855E-01
 5.5044405E-01
 5.4633296E-01
 5.4214413E-01
 5.3787634E-01
 5.3353045E-01
 5.2910616E-01
 5.2460242E-01
 5.2001803E-01
 5.1535175E-01
 5.1060344E-01
 5.0577292E-01
 5.0085932E-01
 4.9586172E-01
 4.9077915E-01
 4.8561058E-01
 4.8035494E-01
 4.7501110E-01
 4.6957844E-01
 4.6406298E-01
 4.5846595E-01
 4.5278755E-01
 4.4703105E-01
 4.4119833E-01
 4.3529013E-01
 4.2930717E-01
 4.2325015E-01
 4.1711974E-01
 4.1091661E-01
 4.0464140E-01
 3.9829270E-01
 3.9186419E-01
 3.8535513E-01
 3.7876474E-01
 3.7209205E-01
 3.6533592E-01
 3.5849504E-01
 3.5156796E-01
 3.4455300E-01
 3.3744829E-01
 3.3024251E-01
 3.2291941E-01
 3.1547369E-01
 3.0790040E-01
 3.0019428E-01
 2.9234974E-01
 2.8436084E-01
 2.7622125E-01
 2.6792355E-01
 2.5945986E-01
 2.5082629E-01
 2.4201889E-01
 2.3303357E-01
 2.2386614E-01
 2.1451228E-01
 2.0496718E-01
 1.9523185E-01
 1.8530776E-01
 1.7519378E-01
 1.6488755E-01
 1.5438526E-01
 1.4368364E-01
 1.3276992E-01
 1.2162484E-01
 1.1023898E-01
 9.8601462E-02
 8.6702070E-02
 7.4530948E-02
 6.2069335E-02
 4.9298020E-02
 3.6206461E-02
 2.2788888E-02
 9.0373896E-03
-5.0561266E-03
-1.9473096E-02
-2.5829547E-02
-4.7150180E-02
-6.0808048E-02
-7.5724463E-02
-9.0974294E-02
-1.0656900E-01
-1.2250086E-01
-1.3878645E-01
-1.5544682E-01
-1.7250587E-01
-1.8998462E-01
-2.0789753E-01
-2.2630085E-01
-2.4521174E-01
-2.6464425E-01
-2.8464190E-01
-3.0523585E-01
-3.2649254E-01
-3.4843265E-01
-3.7111542E-01
-3.9469385E-01
-4.1920065E-01
-4.4472219E-01
-4.7125342E-01
-4.9880944E-01
-5.2739294E-01
-5.5703581E-01
-5.8776886E-01
-6.1958231E-01
-6.5243895E-01
-6.8625680E-01
-7.2096143E-01
-7.5656229E-01
-7.9309963E-01
-8.3058001E-01
-8.6901910E-01
-9.0835123E-01
-9.4850702E-01
-9.8943656E-01
-1.0310685E+00
-1.0734188E+00
-1.1164627E+00
-1.1601894E+00
-1.2045659E+00
-1.2495501E+00
-1.2950645E+00
-1.3410668E+00
-1.3875201E+00
-1.4343491E+00
-1.4815151E+00
-1.5289614E+00
-1.5766665E+00
-1.6245595E+00
-1.6726230E+00
-1.7208213E+00
-1.7691183E+00
-1.8174987E+00
-1.8659571E+00
-1.9144429E+00
-1.9629907E+00
-2.0115594E+00
-2.0601909E+00
-2.1088531E+00
-2.1575629E+00
-2.2063160E+00
-2.2551311E+00
-2.3040006E+00
-2.3529400E+00
-2.4019322E+00
-2.4510091E+00
-2.5001428E+00
-2.5493509E+00
-2.5986187E+00
-2.6479527E+00
-2.6973562E+00
-2.7468093E+00
-2.7963141E+00
-2.8458567E+00
-2.8954359E+00
-2.9450441E+00
-2.9946553E+00
-3.0442631E+00
-3.0938418E+00
-3.1433822E+00
-3.1928555E+00
-3.2422371E+00
-3.2947228E+00
-3.3505435E+00
-3.4024557E+00
-3.4524039E+00
-3.5013358E+00
-3.5496947E+00
-3.5976443E+00
-3.6452564E+00
-3.6925423E+00
-3.7395101E+00
-3.7861610E+00
