4.2196304E+00
4.2190784E+00
4.2183279E+00
4.2174125E+00
4.2163568E+00
4.2151795E+00
4.2138949E+00
4.2125143E+00
4.2110469E+00
4.2095000E+00
4.2078795E+00
4.2061906E+00
4.2044373E+00
4.2026233E+00
4.2007513E+00
4.1988241E+00
4.1968443E+00
4.1948141E+00
4.1927354E+00
4.1906097E+00
4.1884386E+00
4.1862235E+00
4.1839657E+00
4.1816662E+00
4.1793261E+00
4.1769465E+00
4.1745285E+00
4.1720729E+00
4.1695807E+00
4.1670529E+00
4.1644903E+00
4.1618939E+00
4.1592645E+00
4.1565990E+00
4.1538964E+00
4.1511570E+00
4.1483809E+00
4.1455684E+00
4.1427198E+00
4.1398354E+00
4.1369156E+00
4.1339609E+00
4.1309716E+00
4.1279483E+00
4.1248914E+00
4.1218012E+00
4.1186784E+00
4.1155124E+00
4.1123011E+00
4.1090434E+00
4.1057373E+00
4.1023812E+00
4.0989733E+00
4.0955118E+00
4.0919942E+00
4.0884182E+00
4.0847808E+00
4.0810788E+00
4.0773111E+00
4.0734842E+00
4.0695925E+00
4.0656313E+00
4.0615972E+00
4.0574865E+00
4.0532951E+00
4.0490186E+00
4.0446520E+00
4.0401898E+00
4.0356396E+00
4.0310099E+00
4.0262981E+00
4.0215022E+00
4.0166201E+00
4.0116497E+00
4.0065889E+00
4.0014355E+00
3.9961903E+00
3.9908617E+00
3.9854496E+00
3.9799538E+00
3.9743743E+00
3.9687112E+00
3.9629646E+00
3.9571330E+00
3.9512285E+00
3.9452518E+00
3.9392029E+00
3.9330808E+00
3.9268837E+00
3.9206080E+00
3.9142438E+00
3.9077810E+00
3.9012189E+00
3.8945563E+00
3.8877902E+00
3.8809162E+00
3.8739310E+00
3.8668364E+00
3.8596387E+00
3.8523419E+00
3.8449512E+00
3.8374728E+00
3.8299018E+00
3.8265848E+00
3.8265841E+00
3.8194653E+00
3.8117610E+00
3.8039579E+00
3.7960496E+00
3.7880103E+00
3.7798332E+00
3.7715130E+00
3.7630306E+00
3.7543813E+00
3.7455617E+00
3.7365903E+00
3.7274610E+00
3.7181548E+00
3.7086360E+00
3.6989204E+00
3.6889752E+00
3.6787526E+00
3.6682558E+00
3.6575280E+00
3.6465569E+00
3.6353250E+00
3.6238173E+00
3.6120143E+00
3.5999008E+00
3.5874654E+00
3.5747088E+00
3.5616110E+00
3.5481202E+00
3.5342076E+00
3.5198292E+00
3.5050352E+00
3.4898883E+00
3.4744195E+00
3.4586711E+00
3.4426274E+00
3.4262782E+00
3.4096294E+00
3.3926753E+00
3.3754543E+00
3.3579825E+00
3.3402810E+00
3.3223599E+00
3.3042275E+00
3.2858924E+00
3.2673599E+00
3.2486415E+00
3.2297418E+00
3.2106707E+00
3.1914357E+00
3.1720445E+00
3.1525019E+00
3.1328194E+00
3.1130002E+00
3.0930578E+00
3.0729953E+00
3.0528242E+00
3.0325475E+00
3.0121780E+00
2.9917196E+00
2.9711859E+00
2.9505784E+00
2.9299103E+00
2.9091829E+00
2.8884089E+00
2.8675891E+00
2.8467328E+00
2.8258411E+00
2.8049222E+00
2.7839757E+00
2.7630070E+00
2.7420172E+00
2.7210099E+00
2.6999872E+00
2.6789483E+00
2.6578946E+00
2.6368259E+00
2.6157432E+00
2.5946461E+00
2.5735316E+00
2.5523989E+00
2.5312443E+00
2.5100666E+00
2.4888609E+00
2.4676233E+00
2.4463459E+00
2.4250315E+00
2.4036696E+00
2.3822537E+00
2.3607760E+00
2.3392335E+00
2.3176206E+00
2.2959369E+00
2.2741801E+00
2.2523507E+00
2.2304489E+00
