5.6673168E-05
2.6529521E-04
6.7916924E-04
1.3308685E-03
2.2401089E-03
3.4185449E-03
4.8726044E-03
6.6052328E-03
8.6170058E-03
1.0906861E-02
1.3472588E-02
1.6311172E-02
1.9419029E-02
2.2792172E-02
2.6426336E-02
3.0317071E-02
3.4459872E-02
3.8850126E-02
4.3483188E-02
4.8354405E-02
5.3459138E-02
5.8792772E-02
6.4350728E-02
7.0128473E-02
7.6121517E-02
8.2325433E-02
8.8735845E-02
9.5348436E-02
1.0215894E-01
1.0916316E-01
1.1635694E-01
1.2373618E-01
1.3129682E-01
1.3903402E-01
1.4694340E-01
1.5502084E-01
1.6326225E-01
1.7166358E-01
1.8022079E-01
1.8892997E-01
1.9778719E-01
2.0678860E-01
2.1593033E-01
2.2520858E-01
2.3461954E-01
2.4415944E-01
2.5382454E-01
2.6360819E-01
2.7350593E-01
2.8351351E-01
2.9362654E-01
3.0384067E-01
3.1415156E-01
3.2455478E-01
3.3504581E-01
3.4562006E-01
3.5627280E-01
3.6699918E-01
3.7779499E-01
3.8865822E-01
3.9958322E-01
4.1056458E-01
4.2159726E-01
4.3267603E-01
4.4379554E-01
4.5495023E-01
4.6613436E-01
4.7734196E-01
4.8857110E-01
4.9982006E-01
5.1108357E-01
5.2235640E-01
5.3363326E-01
5.4490875E-01
5.5617743E-01
5.6743377E-01
5.7867302E-01
5.8989293E-01
6.0108835E-01
6.1225411E-01
6.2338498E-01
6.3447570E-01
6.4552096E-01
6.5651485E-01
6.6745572E-01
6.7833831E-01
6.8915698E-01
6.9990576E-01
7.1057825E-01
7.2116747E-01
7.3166430E-01
7.4205934E-01
7.5234600E-01
7.6251740E-01
7.7256591E-01
7.8248345E-01
7.9226207E-01
8.0189508E-01
8.1137707E-01
8.2070161E-01
8.2986257E-01
8.3885381E-01
8.4766619E-01
8.5143334E-01
8.5143410E-01
8.5930680E-01
8.6754453E-01
8.7558723E-01
8.8342559E-01
8.9104577E-01
8.9843887E-01
9.0559635E-01
9.1250682E-01
9.1916240E-01
9.2555570E-01
9.3168394E-01
9.3753941E-01
9.4311278E-01
9.4839294E-01
9.5337895E-01
9.5806287E-01
9.6243663E-01
9.6650220E-01
9.7026759E-01
9.7373466E-01
9.7690693E-01
9.7979080E-01
9.8239478E-01
9.8473037E-01
9.8681136E-01
9.8865415E-01
9.9027486E-01
9.9168935E-01
9.9291590E-01
9.9397253E-01
9.9488054E-01
9.9565947E-01
9.9632585E-01
9.9689482E-01
9.9737869E-01
9.9778884E-01
9.9813575E-01
9.9842852E-01
9.9867560E-01
9.9888394E-01
9.9905957E-01
9.9920751E-01
9.9933208E-01
9.9943694E-01
9.9952518E-01
9.9959944E-01
9.9966195E-01
9.9971458E-01
9.9975890E-01
9.9979624E-01
9.9982772E-01
9.9985426E-01
9.9987666E-01
9.9989556E-01
9.9991154E-01
9.9992504E-01
9.9993645E-01
9.9994612E-01
9.9995430E-01
9.9996123E-01
9.9996710E-01
9.9997208E-01
9.9997631E-01
9.9997990E-01
9.9998294E-01
9.9998553E-01
9.9998773E-01
9.9998959E-01
9.9999118E-01
9.9999252E-01
9.9999367E-01
9.9999464E-01
9.9999547E-01
9.9999617E-01
9.9999677E-01
9.9999727E-01
9.9999770E-01
9.9999807E-01
9.9999838E-01
9.9999864E-01
9.9999887E-01
9.9999906E-01
9.9999922E-01
9.9999936E-01
9.9999947E-01
9.9999957E-01
9.9999966E-01
9.9999973E-01
9.9999979E-01
9.9999984E-01
9.9999988E-01
9.9999992E-01
9.9999995E-01
9.9999998E-01
1.0000000E+00
