2.5965067E-02
4.3452176E-02
5.9473886E-02
7.4472198E-02
8.8653717E-02
1.0215258E-01
1.1506679E-01
1.2747214E-01
1.3942919E-01
1.5098746E-01
1.6218816E-01
1.7306606E-01
1.8365084E-01
1.9396807E-01
2.0404001E-01
2.1388615E-01
2.2352386E-01
2.3296846E-01
2.4223365E-01
2.5133174E-01
2.6027381E-01
2.6906995E-01
2.7772931E-01
2.8626027E-01
2.9467052E-01
3.0296714E-01
3.1115670E-01
3.1924527E-01
3.2723851E-01
3.3514168E-01
3.4295973E-01
3.5069728E-01
3.5835870E-01
3.6594725E-01
3.7346647E-01
3.8091989E-01
3.8831089E-01
3.9564264E-01
4.0291818E-01
4.1014043E-01
4.1731214E-01
4.2443597E-01
4.3151445E-01
4.3854998E-01
4.4554491E-01
4.5250145E-01
4.5942176E-01
4.6630583E-01
4.7315514E-01
4.7997121E-01
4.8675540E-01
4.9350899E-01
5.0023317E-01
5.0692901E-01
5.1359749E-01
5.2023945E-01
5.2685563E-01
5.3344664E-01
5.4001343E-01
5.4655829E-01
5.5308130E-01
5.5958268E-01
5.6606285E-01
5.7252214E-01
5.7896076E-01
5.8537883E-01
5.9177636E-01
5.9815323E-01
6.0451163E-01
6.1085404E-01
6.1718095E-01
6.2349294E-01
6.2979058E-01
6.3607441E-01
6.4234498E-01
6.4860281E-01
6.5484893E-01
6.6108577E-01
6.6731415E-01
6.7353489E-01
6.7974876E-01
6.8595649E-01
6.9215879E-01
6.9835603E-01
7.0455093E-01
7.1074404E-01
7.1693565E-01
7.2312577E-01
7.2931414E-01
7.3550011E-01
7.4168176E-01
7.4785718E-01
7.5402613E-01
7.6018821E-01
7.6634254E-01
7.7248790E-01
7.7862314E-01
7.8474800E-01
7.9086293E-01
7.9696765E-01
8.0306186E-01
8.0914511E-01
8.1521452E-01
8.1784361E-01
8.1784414E-01
8.2368874E-01
8.2991697E-01
8.3611907E-01
8.4229011E-01
8.4842095E-01
8.5450564E-01
8.6053798E-01
8.6650880E-01
8.7241123E-01
8.7823801E-01
8.8398542E-01
8.8964461E-01
8.9520365E-01
9.0064750E-01
9.0597003E-01
9.1115621E-01
9.1618915E-01
9.2106095E-01
9.2577062E-01
9.3030830E-01
9.3466444E-01
9.3883091E-01
9.4280018E-01
9.4656686E-01
9.5012800E-01
9.5348382E-01
9.5663403E-01
9.5957702E-01
9.6231623E-01
9.6485571E-01
9.6720996E-01
9.6939417E-01
9.7142019E-01
9.7330044E-01
9.7504271E-01
9.7665550E-01
9.7814835E-01
9.7952979E-01
9.8081047E-01
9.8199895E-01
9.8310346E-01
9.8413101E-01
9.8508802E-01
9.8598037E-01
9.8681330E-01
9.8759181E-01
9.8832024E-01
9.8900266E-01
9.8964267E-01
9.9024359E-01
9.9080830E-01
9.9133963E-01
9.9183990E-01
9.9231150E-01
9.9275634E-01
9.9317635E-01
9.9357313E-01
9.9394834E-01
9.9430332E-01
9.9463950E-01
9.9495796E-01
9.9525993E-01
9.9554632E-01
9.9581817E-01
9.9607627E-01
9.9632146E-01
9.9655445E-01
9.9677596E-01
9.9698657E-01
9.9718690E-01
9.9737748E-01
9.9755882E-01
9.9773141E-01
9.9789567E-01
9.9805203E-01
9.9820086E-01
9.9834254E-01
9.9847742E-01
9.9860580E-01
9.9872798E-01
9.9884426E-01
9.9895489E-01
9.9906013E-01
9.9916020E-01
9.9925533E-01
9.9934726E-01
9.9943549E-01
9.9951964E-01
9.9959963E-01
9.9967556E-01
9.9974758E-01
9.9981586E-01
9.9988058E-01
9.9994190E-01
1.0000000E+00
