0.040774527937173843
0.068201541900634766
0.093285530805587769
0.116714037954807281
0.138807266950607300
0.159773200750350952
0.179763957858085632
0.198897480964660645
0.217268139123916626
0.234953343868255615
0.252017557621002197
0.268515437841415405
0.284493505954742432
0.299992084503173828
0.315046161413192749
0.329686611890792847
0.343940734863281250
0.357832849025726318
0.371384531259536743
0.384615272283554077
0.397542595863342285
0.410182446241378784
0.422549247741699219
0.434656292200088501
0.446515589952468872
0.458138316869735718
0.469534784555435181
0.480714470148086548
0.491686105728149414
0.502457976341247559
0.513037621974945068
0.523432135581970215
0.533648252487182617
0.543690979480743408
0.553565740585327148
0.563277900218963623
0.572832465171813965
0.582234203815460205
0.591487526893615723
0.600596666336059570
0.609565496444702148
0.618397951126098633
0.627097487449645996
0.635667324066162109
0.644110858440399170
0.652430891990661621
0.660630285739898682
0.668709278106689453
0.676669955253601074
0.684514105319976807
0.692243754863739014
0.699860513210296631
0.707365751266479492
0.714760959148406982
0.722047388553619385
0.729226112365722656
0.736298024654388428
0.743263959884643555
0.750125050544738770
0.756883800029754639
0.763540446758270264
0.770095229148864746
0.776548743247985840
0.782901346683502197
0.789153456687927246
0.795305252075195312
0.801356911659240723
0.807308495044708252
0.813162207603454590
0.818920373916625977
0.824583530426025391
0.830152153968811035
0.835626721382141113
0.841007888317108154
0.846295893192291260
0.851491391658782959
0.856595098972320557
0.861608982086181641
0.866533517837524414
0.871369183063507080
0.876116514205932617
0.880775749683380127
0.885347366333007812
0.889831185340881348
0.894229114055633545
0.898541092872619629
0.902767121791839600
0.906906723976135254
0.910959422588348389
0.914924502372741699
0.918800532817840576
0.922586202621459961
0.926281213760375977
0.929885268211364746
0.933397829532623291
0.936818242073059082
0.940145969390869141
0.943380951881408691
0.946523606777191162
0.949573814868927002
0.952531754970550537
0.955397307872772217
0.958169400691986084
0.959343194961547852
0.959343433380126953
0.961894094944000244
0.964523017406463623
0.967049121856689453
0.969471514225006104
0.971787929534912109
0.973997771739959717
0.976100802421569824
0.978096008300781250
0.979983866214752197
0.981764853000640869
0.983441054821014404
0.985013186931610107
0.986481726169586182
0.987846970558166504
0.989111900329589844
0.990277945995330811
0.991346657276153564
0.992322206497192383
0.993210017681121826
0.994013965129852295
0.994738280773162842
0.995387434959411621
0.995966255664825439
0.996479749679565430
0.996933102607727051
0.997331738471984863
0.997680783271789551
0.997984766960144043
0.998248577117919922
0.998476624488830566
0.998673856258392334
0.998844623565673828
0.998992502689361572
0.999120652675628662
0.999231696128845215
0.999327778816223145
0.999410986900329590
0.999483108520507812
0.999545753002166748
0.999600231647491455
0.999647796154022217
0.999689340591430664
0.999725699424743652
0.999757528305053711
0.999785482883453369
0.999810039997100830
0.999831736087799072
0.999850809574127197
0.999867677688598633
0.999882578849792480
0.999895751476287842
0.999907493591308594
0.999917864799499512
0.999927043914794922
0.999935269355773926
0.999942541122436523
0.999949038028717041
0.999954819679260254
0.999959945678710938
0.999964535236358643
0.999968647956848145
0.999972283840179443
0.999975502490997314
0.999978423118591309
0.999980986118316650
0.999983310699462891
0.999985337257385254
0.999987185001373291
0.999988794326782227
0.999990224838256836
0.999991536140441895
0.999992668628692627
0.999993622303009033
0.999994516372680664
0.999995291233062744
0.999996006488800049
0.999996602535247803
0.999997138977050781
0.999997615814208984
0.999998033046722412
0.999998331069946289
0.999998629093170166
0.999998927116394043
0.999999105930328369
0.999999344348907471
0.999999463558197021
0.999999582767486572
0.999999701976776123
0.999999821186065674
0.999999880790710449
0.999999940395355225
0.999999940395355225
1.000000000000000000
1.000000000000000000
1.000000000000000000
